# ITC Data: Sun Oct 01 16:24:19 UTC 2023
 
405.754	0.000
405.878	180.410
406.002	180.025
406.126	179.669
406.250	179.347
406.374	179.048
406.498	178.754
406.622	178.444
406.746	178.093
406.870	177.685
406.994	177.216
407.118	176.694
407.242	176.136
407.366	175.564
407.490	175.003
407.614	174.464
407.738	173.928
407.862	173.360
407.986	172.731
408.110	172.008
408.234	171.129
408.358	170.034
408.482	168.720
408.606	167.192
408.730	165.372
408.854	163.165
408.978	160.565
409.102	157.627
409.226	154.380
409.350	150.859
409.474	147.149
409.598	143.429
409.722	140.064
409.846	137.482
409.970	135.894
410.094	135.361
410.218	136.013
410.342	137.922
410.466	140.810
410.590	144.227
410.714	147.894
410.838	151.653
410.962	155.339
411.086	158.798
411.210	161.940
411.334	164.744
411.458	167.266
411.582	169.586
411.706	171.711
411.830	173.604
411.954	175.270
412.078	176.751
412.202	178.062
412.326	179.205
412.450	180.215
412.574	181.151
412.698	182.056
412.822	182.954
412.946	183.867
413.070	184.808
413.194	185.768
413.318	186.722
413.442	187.645
413.566	188.514
413.690	189.304
413.814	189.994
413.938	190.583
414.062	191.093
414.186	191.538
414.310	191.926
414.434	192.272
414.558	192.595
414.682	192.887
414.806	193.113
414.930	193.246
415.054	193.287
415.178	193.262
415.302	193.225
415.426	193.234
415.550	193.336
415.674	193.562
415.798	193.915
415.922	194.371
416.046	194.875
416.170	195.367
416.294	195.792
416.418	196.111
416.542	196.308
416.666	196.377
416.790	196.310
416.914	196.126
417.038	195.872
417.162	195.604
417.286	195.371
417.410	195.213
417.534	195.150
417.658	195.198
417.782	195.366
417.906	195.644
418.030	195.994
418.154	196.387
418.278	196.811
418.402	197.265
418.526	197.733
418.650	198.189
418.774	198.595
418.898	198.916
419.022	199.139
419.146	199.257
419.270	199.262
419.394	199.157
419.518	198.980
419.642	198.786
419.766	198.641
419.890	198.602
420.014	198.699
420.138	198.933
420.262	199.284
420.386	199.708
420.510	200.142
420.634	200.525
420.758	200.825
420.882	201.033
421.006	201.163
421.130	201.235
421.254	201.258
421.378	201.239
421.502	201.193
421.626	201.127
421.750	201.019
421.874	200.838
421.998	200.574
422.122	200.244
422.246	199.902
422.370	199.612
422.494	199.428
422.618	199.378
422.742	199.472
422.866	199.688
422.990	199.973
423.114	200.270
423.238	200.559
423.362	200.840
423.486	201.117
423.610	201.387
423.734	201.622
423.858	201.789
423.982	201.874
424.106	201.876
424.230	201.800
424.354	201.655
424.478	201.473
424.602	201.296
424.726	201.177
424.850	201.160
424.974	201.265
425.098	201.486
425.222	201.810
425.346	202.213
425.470	202.652
425.594	203.081
425.718	203.483
425.842	203.865
425.966	204.242
426.090	204.615
426.214	204.944
426.338	205.170
426.462	205.258
426.586	205.204
426.710	205.032
426.834	204.788
426.958	204.537
427.082	204.347
427.206	204.279
427.330	204.369
427.454	204.612
427.578	204.965
427.702	205.368
427.826	205.749
427.950	206.048
428.074	206.216
428.198	206.226
428.322	206.076
428.446	205.802
428.570	205.462
428.694	205.095
428.818	204.716
428.942	204.337
429.066	203.962
429.190	203.582
429.314	203.172
429.438	202.709
429.562	202.189
429.686	201.627
429.810	201.063
429.934	200.538
430.058	200.082
430.182	199.714
430.306	199.430
430.430	199.208
430.554	199.010
430.678	198.807
430.802	198.583
430.926	198.333
431.050	198.055
431.174	197.745
431.298	197.396
431.422	197.007
431.546	196.579
431.670	196.091
431.794	195.496
431.918	194.761
432.042	193.875
432.166	192.817
432.290	191.540
432.414	190.031
432.538	188.310
432.662	186.362
432.786	184.098
432.910	181.455
433.034	178.444
433.158	175.103
433.282	171.470
433.406	167.609
433.530	163.656
433.654	159.893
433.778	156.767
433.902	154.665
434.026	153.723
434.150	153.980
434.274	155.476
434.398	158.059
434.522	161.308
434.646	164.819
434.770	168.406
434.894	171.973
435.018	175.427
435.142	178.694
435.266	181.749
435.390	184.604
435.514	187.308
435.638	189.886
435.762	192.294
435.886	194.484
436.010	196.455
436.134	198.211
436.258	199.724
436.382	200.981
436.506	202.030
436.630	202.938
436.754	203.736
436.878	204.451
437.002	205.129
437.126	205.806
437.250	206.479
437.374	207.124
437.498	207.726
437.622	208.264
437.746	208.700
437.870	209.000
437.994	209.168
438.118	209.243
438.242	209.294
438.366	209.404
438.490	209.636
438.614	210.022
438.738	210.544
438.862	211.142
438.986	211.741
439.110	212.267
439.234	212.676
439.358	212.957
439.482	213.135
439.606	213.251
439.730	213.333
439.854	213.403
439.978	213.482
440.102	213.595
440.226	213.764
440.350	214.004
440.474	214.309
440.598	214.655
440.722	214.997
440.846	215.281
440.970	215.472
441.094	215.558
441.218	215.567
441.342	215.554
441.466	215.580
441.590	215.695
441.714	215.916
441.838	216.229
441.962	216.593
442.086	216.963
442.210	217.309
442.334	217.622
442.458	217.904
442.582	218.164
442.706	218.409
442.830	218.648
442.954	218.889
443.078	219.141
443.202	219.401
443.326	219.666
443.450	219.926
443.574	220.172
443.698	220.383
443.822	220.534
443.946	220.614
444.070	220.631
444.194	220.607
444.318	220.577
444.442	220.577
444.566	220.632
444.690	220.744
444.814	220.888
444.938	221.031
445.062	221.142
445.186	221.224
445.310	221.308
445.434	221.428
445.558	221.608
445.682	221.844
445.806	222.104
445.930	222.347
446.054	222.536
446.178	222.655
446.302	222.709
446.426	222.722
446.550	222.725
446.674	222.744
446.798	222.789
446.922	222.862
447.046	222.949
447.170	223.010
447.294	222.978
447.418	222.800
447.542	222.461
447.666	221.997
447.790	221.487
447.914	221.027
448.038	220.700
448.162	220.566
448.286	220.643
448.410	220.903
448.534	221.274
448.658	221.699
448.782	222.162
448.906	222.657
449.030	223.172
449.154	223.680
449.278	224.147
449.402	224.545
449.526	224.864
449.650	225.113
449.774	225.318
449.898	225.517
450.022	225.747
450.146	226.030
450.270	226.367
450.394	226.737
450.518	227.111
450.642	227.455
450.766	227.732
450.890	227.917
451.014	228.008
451.138	228.004
451.262	227.893
451.386	227.670
451.510	227.359
451.634	226.998
451.758	226.625
451.882	226.276
452.006	225.977
452.130	225.744
452.254	225.574
452.378	225.446
452.502	225.331
452.626	225.215
452.750	225.128
452.874	225.114
452.998	225.197
453.122	225.385
453.246	225.676
453.370	226.048
453.494	226.462
453.618	226.867
453.742	227.223
453.866	227.500
453.990	227.694
454.114	227.797
454.238	227.771
454.362	227.573
454.486	227.212
454.610	226.731
454.734	226.199
454.858	225.696
454.982	225.294
455.106	225.044
455.230	224.978
455.354	225.090
455.478	225.330
455.602	225.623
455.726	225.931
455.850	226.234
455.974	226.517
456.098	226.768
456.222	226.985
456.346	227.173
456.470	227.348
456.594	227.521
456.718	227.691
456.842	227.845
456.966	227.975
457.090	228.071
457.214	228.114
457.338	228.080
457.462	227.964
457.586	227.781
457.710	227.550
457.834	227.298
457.958	227.053
458.082	226.849
458.206	226.720
458.330	226.697
458.454	226.780
458.578	226.951
458.702	227.192
458.826	227.483
458.950	227.794
459.074	228.095
459.198	228.366
459.322	228.605
459.446	228.818
459.570	229.016
459.694	229.204
459.818	229.378
459.942	229.539
460.066	229.686
460.190	229.820
460.314	229.938
460.438	230.040
460.562	230.128
460.686	230.193
460.810	230.218
460.934	230.191
461.058	230.116
461.182	230.003
461.306	229.866
461.430	229.727
461.554	229.607
461.678	229.520
461.802	229.473
461.926	229.460
462.050	229.466
462.174	229.473
462.298	229.458
462.422	229.404
462.546	229.304
462.670	229.168
462.794	229.019
462.918	228.883
463.042	228.788
463.166	228.760
463.290	228.826
463.414	228.990
463.538	229.235
463.662	229.524
463.786	229.815
463.910	230.067
464.034	230.247
464.158	230.336
464.282	230.330
464.406	230.246
464.530	230.121
464.654	229.991
464.778	229.884
464.902	229.815
465.026	229.793
465.150	229.817
465.274	229.889
465.398	229.999
465.522	230.127
465.646	230.243
465.770	230.307
465.894	230.287
466.018	230.174
466.142	229.982
466.266	229.749
466.390	229.524
466.514	229.353
466.638	229.276
466.762	229.315
466.886	229.471
467.010	229.713
467.134	229.997
467.258	230.289
467.382	230.559
467.506	230.786
467.630	230.961
467.754	231.098
467.878	231.223
468.002	231.364
468.126	231.533
468.250	231.703
468.374	231.831
468.498	231.886
468.622	231.858
468.746	231.756
468.870	231.612
468.994	231.466
469.118	231.346
469.242	231.238
469.366	231.107
469.490	230.924
469.614	230.675
469.738	230.372
469.862	230.045
469.986	229.732
470.110	229.469
470.234	229.295
470.358	229.235
470.482	229.282
470.606	229.407
470.730	229.568
470.854	229.722
470.978	229.826
471.102	229.854
471.226	229.809
471.350	229.720
471.474	229.627
471.598	229.569
471.722	229.567
471.846	229.625
471.970	229.729
472.094	229.854
472.218	229.967
472.342	230.037
472.466	230.044
472.590	229.980
472.714	229.842
472.838	229.637
472.962	229.388
473.086	229.128
473.210	228.884
473.334	228.675
473.458	228.510
473.582	228.393
473.706	228.339
473.830	228.365
473.954	228.470
474.078	228.637
474.202	228.852
474.326	229.102
474.450	229.370
474.574	229.629
474.698	229.852
474.822	230.016
474.946	230.112
475.070	230.144
475.194	230.113
475.318	230.021
475.442	229.884
475.566	229.721
475.690	229.545
475.814	229.354
475.938	229.147
476.062	228.928
476.186	228.715
476.310	228.531
476.434	228.396
476.558	228.317
476.682	228.304
476.806	228.359
476.930	228.472
477.054	228.620
477.178	228.775
477.302	228.919
477.426	229.033
477.550	229.108
477.674	229.132
477.798	229.097
477.922	229.003
478.046	228.866
478.170	228.705
478.294	228.536
478.418	228.376
478.542	228.238
478.666	228.137
478.790	228.085
478.914	228.083
479.038	228.118
479.162	228.162
479.286	228.174
479.410	228.117
479.534	227.978
479.658	227.776
479.782	227.572
479.906	227.435
480.030	227.412
480.154	227.515
480.278	227.702
480.402	227.906
480.526	228.055
480.650	228.095
480.774	228.006
480.898	227.801
481.022	227.521
481.146	227.211
481.270	226.894
481.394	226.587
481.518	226.300
481.642	226.036
481.766	225.778
481.890	225.507
482.014	225.206
482.138	224.872
482.262	224.523
482.386	224.187
482.510	223.888
482.634	223.637
482.758	223.429
482.882	223.245
483.006	223.060
483.130	222.836
483.254	222.523
483.378	222.082
483.502	221.502
483.626	220.776
483.750	219.859
483.874	218.713
483.998	217.357
484.122	215.813
484.246	214.045
484.370	212.008
484.494	209.721
484.618	207.223
484.742	204.506
484.866	201.554
484.990	198.401
485.114	195.106
485.238	191.709
485.362	188.241
485.486	184.734
485.610	181.277
485.734	178.123
485.858	175.572
485.982	173.743
486.106	172.666
486.230	172.484
486.354	173.300
486.478	174.930
486.602	177.070
486.726	179.595
486.850	182.457
486.974	185.517
487.098	188.610
487.222	191.659
487.346	194.649
487.470	197.573
487.594	200.417
487.718	203.141
487.842	205.698
487.966	208.077
488.090	210.284
488.214	212.291
488.338	214.065
488.462	215.626
488.586	217.023
488.710	218.274
488.834	219.377
488.958	220.363
489.082	221.282
489.206	222.168
489.330	223.040
489.454	223.915
489.578	224.808
489.702	225.716
489.826	226.624
489.950	227.517
490.074	228.370
490.198	229.142
490.322	229.781
490.446	230.268
490.570	230.607
490.694	230.803
490.818	230.858
490.942	230.802
491.066	230.683
491.190	230.519
491.314	230.295
491.438	230.001
491.562	229.651
491.686	229.284
491.810	228.958
491.934	228.725
492.058	228.619
492.182	228.672
492.306	228.900
492.430	229.288
492.554	229.776
492.678	230.301
492.802	230.802
492.926	231.230
493.050	231.556
493.174	231.779
493.298	231.926
493.422	232.045
493.546	232.190
493.670	232.403
493.794	232.702
493.918	233.083
494.042	233.518
494.166	233.969
494.290	234.392
494.414	234.751
494.538	235.022
494.662	235.178
494.786	235.190
494.910	235.050
495.034	234.789
495.158	234.439
495.282	234.020
495.406	233.559
495.530	233.094
495.654	232.678
495.778	232.373
495.902	232.225
496.026	232.238
496.150	232.394
496.274	232.660
496.398	232.989
496.522	233.317
496.646	233.598
496.770	233.824
496.894	234.008
497.018	234.175
497.142	234.334
497.266	234.466
497.390	234.544
497.514	234.556
497.638	234.503
497.762	234.399
497.886	234.268
498.010	234.143
498.134	234.052
498.258	234.014
498.382	234.033
498.506	234.097
498.630	234.183
498.754	234.256
498.878	234.282
499.002	234.241
499.126	234.131
499.250	233.976
499.374	233.814
499.498	233.684
499.622	233.610
499.746	233.583
499.870	233.572
499.994	233.545
500.118	233.474
500.242	233.353
500.366	233.191
500.490	233.010
500.614	232.829
500.738	232.655
500.862	232.484
500.986	232.312
501.110	232.132
501.234	231.937
501.358	231.718
501.482	231.475
501.606	231.219
501.730	230.992
501.854	230.842
501.978	230.796
502.102	230.862
502.226	231.030
502.350	231.275
502.474	231.551
502.598	231.812
502.722	232.043
502.846	232.252
502.970	232.453
503.094	232.657
503.218	232.845
503.342	232.987
503.466	233.065
503.590	233.072
503.714	233.011
503.838	232.895
503.962	232.751
504.086	232.612
504.210	232.493
504.334	232.401
504.458	232.331
504.582	232.277
504.706	232.239
504.830	232.218
504.954	232.216
505.078	232.233
505.202	232.293
505.326	232.429
505.450	232.658
505.574	232.975
505.698	233.359
505.822	233.776
505.946	234.186
506.070	234.549
506.194	234.842
506.318	235.058
506.442	235.213
506.566	235.330
506.690	235.418
506.814	235.473
506.938	235.491
507.062	235.479
507.186	235.442
507.310	235.386
507.434	235.319
507.558	235.252
507.682	235.192
507.806	235.142
507.930	235.100
508.054	235.062
508.178	235.021
508.302	234.964
508.426	234.882
508.550	234.774
508.674	234.643
508.798	234.500
508.922	234.357
509.046	234.228
509.170	234.122
509.294	234.046
509.418	233.995
509.542	233.964
509.666	233.946
509.790	233.939
509.914	233.944
510.038	233.956
510.162	233.974
510.286	233.998
510.410	234.032
510.534	234.073
510.658	234.121
510.782	234.178
510.906	234.244
511.030	234.315
511.154	234.393
511.278	234.479
511.402	234.575
511.526	234.679
511.650	234.781
511.774	234.863
511.898	234.905
512.022	234.900
512.146	234.847
512.270	234.748
512.394	234.617
512.518	234.472
512.642	234.336
512.766	234.229
512.890	234.163
513.014	234.137
513.138	234.141
513.262	234.154
513.386	234.152
513.510	234.116
513.634	234.042
513.758	233.952
513.882	233.878
514.006	233.848
514.130	233.879
514.254	233.971
514.378	234.107
514.502	234.261
514.626	234.405
514.750	234.519
514.874	234.594
514.998	234.632
515.122	234.634
515.246	234.586
515.370	234.474
515.494	234.300
515.618	234.068
515.742	233.759
515.866	233.350
515.990	232.848
516.114	232.274
516.238	231.645
516.362	230.986
516.486	230.325
516.610	229.701
516.734	229.175
516.858	228.804
516.982	228.597
517.106	228.538
517.230	228.602
517.354	228.755
517.478	228.939
517.602	229.093
517.726	229.188
517.850	229.223
517.974	229.213
518.098	229.181
518.222	229.150
518.346	229.138
518.470	229.156
518.594	229.212
518.718	229.302
518.842	229.417
518.966	229.542
519.090	229.661
519.214	229.770
519.338	229.879
519.462	229.994
519.586	230.120
519.710	230.248
519.834	230.359
519.958	230.440
520.082	230.486
520.206	230.503
520.330	230.512
520.454	230.532
520.578	230.582
520.702	230.677
520.826	230.821
520.950	231.008
521.074	231.220
521.198	231.436
521.322	231.635
521.446	231.801
521.570	231.922
521.694	231.979
521.818	231.952
521.942	231.841
522.066	231.659
522.190	231.412
522.314	231.099
522.438	230.728
522.562	230.327
522.686	229.934
522.810	229.597
522.934	229.346
523.058	229.199
523.182	229.168
523.306	229.263
523.430	229.464
523.554	229.733
523.678	230.039
523.802	230.369
523.926	230.712
524.050	231.051
524.174	231.365
524.298	231.633
524.422	231.841
524.546	231.989
524.670	232.072
524.794	232.082
524.918	232.020
525.042	231.904
525.166	231.743
525.290	231.533
525.414	231.271
525.538	230.966
525.662	230.616
525.786	230.205
525.910	229.722
526.034	229.174
526.158	228.581
526.282	227.976
526.406	227.390
526.530	226.856
526.654	226.406
526.778	226.079
526.902	225.890
527.026	225.824
527.150	225.868
527.274	226.029
527.398	226.307
527.522	226.673
527.646	227.095
527.770	227.554
527.894	228.036
528.018	228.521
528.142	228.990
528.266	229.432
528.390	229.844
528.514	230.230
528.638	230.589
528.762	230.903
528.886	231.159
529.010	231.354
529.134	231.487
529.258	231.541
529.382	231.504
529.506	231.389
529.630	231.215
529.754	230.992
529.878	230.732
530.002	230.455
530.126	230.184
530.250	229.931
530.374	229.704
530.498	229.500
530.622	229.314
530.746	229.142
530.870	228.974
530.994	228.804
531.118	228.630
531.242	228.476
531.366	228.369
531.490	228.325
531.614	228.346
531.738	228.426
531.862	228.546
531.986	228.678
532.110	228.793
532.234	228.875
532.358	228.920
532.482	228.936
532.606	0.000
536.450	0.000
536.574	180.192
536.698	240.207
536.822	240.256
536.946	240.386
537.070	240.567
537.194	240.773
537.318	240.993
537.442	241.212
537.566	241.416
537.690	241.589
537.814	241.714
537.938	241.786
538.062	241.812
538.186	241.803
538.310	241.772
538.434	241.737
538.558	241.713
538.682	241.707
538.806	241.715
538.930	241.724
539.054	241.724
539.178	241.700
539.302	241.643
539.426	241.548
539.550	241.421
539.674	241.269
539.798	241.096
539.922	240.910
540.046	240.725
540.170	240.557
540.294	240.423
540.418	240.334
540.542	240.292
540.666	240.297
540.790	240.354
540.914	240.460
541.038	240.598
541.162	240.747
541.286	240.888
541.410	241.003
541.534	241.081
541.658	241.115
541.782	241.099
541.906	241.038
542.030	240.946
542.154	240.835
542.278	240.709
542.402	240.570
542.526	240.424
542.650	240.279
542.774	240.149
542.898	240.043
543.022	239.965
543.146	239.912
543.270	239.874
543.394	239.835
543.518	239.781
543.642	239.698
543.766	239.570
543.890	239.390
544.014	239.167
544.138	238.923
544.262	238.698
544.386	238.533
544.510	238.450
544.634	238.457
544.758	238.539
544.882	238.664
545.006	238.792
545.130	238.891
545.254	238.961
545.378	239.016
545.502	239.077
545.626	239.148
545.750	239.207
545.874	239.218
545.998	239.159
546.122	239.022
546.246	238.809
546.370	238.538
546.494	238.239
546.618	237.951
546.742	237.701
546.866	237.506
546.990	237.369
547.114	237.283
547.238	237.252
547.362	237.276
547.486	237.344
547.610	237.437
547.734	237.556
547.858	237.709
547.982	237.892
548.106	238.098
548.230	238.325
548.354	238.566
548.478	238.815
548.602	239.059
548.726	239.276
548.850	239.445
548.974	239.559
549.098	239.619
549.222	239.626
549.346	239.587
549.470	239.520
549.594	239.443
549.718	239.348
549.842	239.217
549.966	239.039
550.090	238.815
550.214	238.564
550.338	238.314
550.462	238.095
550.586	237.931
550.710	237.839
550.834	237.831
550.958	237.891
551.082	237.998
551.206	238.142
551.330	238.324
551.454	238.538
551.578	238.768
551.702	238.984
551.826	239.153
551.950	239.250
552.074	239.268
552.198	239.206
552.322	239.076
552.446	238.902
552.570	238.715
552.694	238.527
552.818	238.327
552.942	238.104
553.066	237.852
553.190	237.571
553.314	237.272
553.438	236.969
553.562	236.681
553.686	236.438
553.810	236.275
553.934	236.208
554.058	236.238
554.182	236.368
554.306	236.602
554.430	236.929
554.554	237.312
554.678	237.707
554.802	238.071
554.926	238.371
555.050	238.587
555.174	238.699
555.298	238.693
555.422	238.581
555.546	238.394
555.670	238.168
555.794	237.931
555.918	237.707
556.042	237.516
556.166	237.371
556.290	237.274
556.414	237.211
556.538	237.162
556.662	237.107
556.786	237.030
556.910	236.920
557.034	236.776
557.158	236.596
557.282	236.379
557.406	236.129
557.530	235.855
557.654	235.565
557.778	235.260
557.902	234.939
558.026	234.606
558.150	234.265
558.274	233.923
558.398	233.584
558.522	233.254
558.646	232.941
558.770	232.657
558.894	232.410
559.018	232.199
559.142	232.020
559.266	231.868
559.390	231.737
559.514	231.615
559.638	231.490
559.762	231.358
559.886	231.217
560.010	231.067
560.134	230.911
560.258	230.753
560.382	230.597
560.506	230.448
560.630	230.305
560.754	230.164
560.878	230.020
561.002	229.869
561.126	229.704
561.250	229.518
561.374	229.306
561.498	229.071
561.622	228.825
561.746	228.593
561.870	228.404
561.994	228.276
562.118	228.214
562.242	228.219
562.366	228.279
562.490	228.369
562.614	228.461
562.738	228.547
562.862	228.626
562.986	228.701
563.110	228.775
563.234	228.848
563.358	228.916
563.482	228.980
563.606	229.036
563.730	229.073
563.854	229.077
563.978	229.045
564.102	228.978
564.226	228.876
564.350	228.744
564.474	228.592
564.598	228.432
564.722	228.255
564.846	228.047
564.970	227.798
565.094	227.511
565.218	227.194
565.342	226.861
565.466	226.533
565.590	226.231
565.714	225.971
565.838	225.766
565.962	225.613
566.086	225.506
566.210	225.447
566.334	225.448
566.458	225.509
566.582	225.616
566.706	225.760
566.830	225.933
566.954	226.119
567.078	226.300
567.202	226.446
567.326	226.530
567.450	226.540
567.574	226.478
567.698	226.353
567.822	226.179
567.946	225.981
568.070	225.787
568.194	225.612
568.318	225.460
568.442	225.322
568.566	225.191
568.690	225.058
568.814	224.919
568.938	224.772
569.062	224.617
569.186	224.453
569.310	224.283
569.434	224.107
569.558	223.929
569.682	223.754
569.806	223.581
569.930	223.415
570.054	223.255
570.178	223.106
570.302	222.970
570.426	222.852
570.550	222.750
570.674	222.666
570.798	222.607
570.922	222.575
571.046	222.566
571.170	222.576
571.294	222.598
571.418	222.625
571.542	222.649
571.666	222.673
571.790	222.705
571.914	222.759
572.038	222.838
572.162	222.938
572.286	223.043
572.410	223.134
572.534	223.195
572.658	223.216
572.782	223.196
572.906	223.140
573.030	223.066
573.154	222.984
573.278	222.898
573.402	222.807
573.526	222.711
573.650	222.610
573.774	222.499
573.898	222.377
574.022	222.245
574.146	222.117
574.270	222.019
574.394	221.980
574.518	222.010
574.642	222.099
574.766	222.213
574.890	222.306
575.014	222.341
575.138	222.295
575.262	222.171
575.386	221.990
575.510	221.790
575.634	221.603
575.758	221.440
575.882	221.297
576.006	221.166
576.130	221.036
576.254	220.900
576.378	220.752
576.502	220.592
576.626	220.420
576.750	220.236
576.874	220.044
576.998	219.849
577.122	219.663
577.246	219.506
577.370	219.400
577.494	219.352
577.618	219.361
577.742	219.425
577.866	219.537
577.990	219.676
578.114	219.818
578.238	219.946
578.362	220.049
578.486	220.125
578.610	220.170
578.734	220.169
578.858	220.106
578.982	219.982
579.106	219.815
579.230	219.632
579.354	219.466
579.478	219.344
579.602	219.287
579.726	219.306
579.850	219.402
579.974	219.553
580.098	219.727
580.222	219.898
580.346	220.047
580.470	220.163
580.594	220.238
580.718	220.272
580.842	220.271
580.966	220.250
581.090	220.229
581.214	220.225
581.338	220.251
581.462	220.314
581.586	220.411
581.710	220.545
581.834	220.716
581.958	220.916
582.082	221.127
582.206	221.324
582.330	221.479
582.454	221.577
582.578	221.612
582.702	221.586
582.826	221.506
582.950	221.392
583.074	221.272
583.198	221.158
583.322	221.052
583.446	220.951
583.570	220.852
583.694	220.744
583.818	220.618
583.942	220.469
584.066	220.298
584.190	220.122
584.314	219.966
584.438	219.852
584.562	219.792
584.686	219.786
584.810	219.821
584.934	219.876
585.058	219.924
585.182	219.953
585.306	219.963
585.430	219.965
585.554	219.966
585.678	219.963
585.802	219.940
585.926	219.884
586.050	219.790
586.174	219.664
586.298	219.521
586.422	219.383
586.546	219.265
586.670	219.167
586.794	219.064
586.918	218.930
587.042	218.742
587.166	218.487
587.290	218.161
587.414	217.775
587.538	217.352
587.662	216.918
587.786	216.489
587.910	216.076
588.034	215.684
588.158	215.312
588.282	214.949
588.406	214.581
588.530	214.200
588.654	213.816
588.778	213.466
588.902	213.188
589.026	213.005
589.150	212.933
589.274	212.987
589.398	213.159
589.522	213.416
589.646	213.713
589.770	214.018
589.894	214.303
590.018	214.546
590.142	214.733
590.266	214.858
590.390	214.929
590.514	214.968
590.638	214.993
590.762	215.007
590.886	215.005
591.010	214.988
591.134	214.958
591.258	214.917
591.382	214.868
591.506	214.817
591.630	214.770
591.754	214.735
591.878	214.719
592.002	214.720
592.126	214.738
592.250	214.774
592.374	214.827
592.498	214.892
592.622	214.965
592.746	215.053
592.870	215.163
592.994	215.298
593.118	215.447
593.242	215.581
593.366	215.666
593.490	215.682
593.614	215.620
593.738	215.475
593.862	215.251
593.986	214.976
594.110	214.685
594.234	214.402
594.358	214.143
594.482	213.918
594.606	213.731
594.730	213.593
594.854	213.514
594.978	213.485
595.102	213.492
595.226	213.529
595.350	213.595
595.474	213.679
595.598	213.771
595.722	213.865
595.846	213.960
595.970	214.056
596.094	214.147
596.218	214.217
596.342	214.245
596.466	214.220
596.590	214.146
596.714	214.040
596.838	213.928
596.962	213.837
597.086	213.788
597.210	213.784
597.334	213.816
597.458	213.862
597.582	213.897
597.706	213.900
597.830	213.854
597.954	213.758
598.078	213.621
598.202	213.459
598.326	213.294
598.450	213.148
598.574	213.039
598.698	212.975
598.822	212.956
598.946	212.969
599.070	212.996
599.194	213.021
599.318	213.033
599.442	213.028
599.566	213.002
599.690	212.949
599.814	212.859
599.938	212.733
600.062	212.578
600.186	212.403
600.310	212.215
600.434	212.025
600.558	211.841
600.682	211.668
600.806	211.504
600.930	211.341
601.054	211.176
601.178	211.016
601.302	210.879
601.426	210.779
601.550	210.725
601.674	210.727
601.798	210.794
601.922	210.924
602.046	211.100
602.170	211.294
602.294	211.474
602.418	211.614
602.542	211.697
602.666	211.713
602.790	211.663
602.914	211.562
603.038	211.437
603.162	211.315
603.286	211.219
603.410	211.161
603.534	211.143
603.658	211.159
603.782	211.195
603.906	211.231
604.030	211.248
604.154	211.235
604.278	211.194
604.402	211.133
604.526	211.066
604.650	211.007
604.774	210.963
604.898	210.939
605.022	210.932
605.146	210.941
605.270	210.967
605.394	211.010
605.518	211.065
605.642	211.124
605.766	211.176
605.890	211.211
606.014	211.224
606.138	211.211
606.262	211.171
606.386	211.108
606.510	211.029
606.634	210.940
606.758	210.837
606.882	210.713
607.006	210.566
607.130	210.401
607.254	210.224
607.378	210.046
607.502	209.878
607.626	209.728
607.750	209.604
607.874	209.508
607.998	209.433
608.122	209.372
608.246	209.312
608.370	209.247
608.494	209.168
608.618	209.074
608.742	208.974
608.866	208.880
608.990	208.805
609.114	208.752
609.238	208.715
609.362	208.680
609.486	208.631
609.610	208.560
609.734	208.468
609.858	208.368
609.982	208.271
610.106	208.193
610.230	208.152
610.354	208.165
610.478	208.230
610.602	208.338
610.726	208.470
610.850	208.605
610.974	208.721
611.098	208.797
611.222	208.813
611.346	208.758
611.470	208.637
611.594	208.469
611.718	208.261
611.842	208.020
611.966	207.759
612.090	207.497
612.214	207.250
612.338	207.031
612.462	206.845
612.586	206.690
612.710	206.560
612.834	206.447
612.958	206.339
613.082	206.223
613.206	206.089
613.330	205.935
613.454	205.762
613.578	205.578
613.702	205.400
613.826	205.244
613.950	205.124
614.074	205.046
614.198	205.018
614.322	205.046
614.446	205.123
614.570	205.231
614.694	205.350
614.818	205.462
614.942	205.554
615.066	205.613
615.190	205.631
615.314	205.606
615.438	205.544
615.562	205.460
615.686	205.374
615.810	205.301
615.934	205.255
616.058	205.240
616.182	205.249
616.306	205.264
616.430	205.266
616.554	205.240
616.678	205.187
616.802	205.124
616.926	205.072
617.050	205.050
617.174	205.074
617.298	205.151
617.422	205.274
617.546	205.426
617.670	205.580
617.794	205.708
617.918	205.785
618.042	205.802
618.166	205.758
618.290	205.663
618.414	205.539
618.538	205.412
618.662	205.304
618.786	205.224
618.910	205.168
619.034	205.131
619.158	205.108
619.282	205.101
619.406	205.114
619.530	205.144
619.654	205.185
619.778	205.230
619.902	205.270
620.026	205.298
620.150	205.309
620.274	205.299
620.398	205.270
620.522	205.227
620.646	205.178
620.770	205.125
620.894	205.066
621.018	205.001
621.142	204.928
621.266	204.846
621.390	204.754
621.514	204.651
621.638	204.542
621.762	204.432
621.886	204.326
622.010	204.229
622.134	204.135
622.258	204.029
622.382	203.889
622.506	203.707
622.630	203.480
622.754	203.218
622.878	202.936
623.002	202.656
623.126	202.403
623.250	202.191
623.374	202.027
623.498	201.905
623.622	201.812
623.746	201.745
623.870	201.699
623.994	201.664
624.118	201.631
624.242	201.600
624.366	201.577
624.490	201.569
624.614	201.583
624.738	201.634
624.862	201.731
624.986	201.871
625.110	202.037
625.234	202.201
625.358	202.333
625.482	202.409
625.606	202.417
625.730	202.347
625.854	202.200
625.978	201.991
626.102	201.749
626.226	201.497
626.350	201.248
626.474	201.008
626.598	200.781
626.722	200.550
626.846	200.286
626.970	199.966
627.094	199.577
627.218	199.124
627.342	198.617
627.466	198.074
627.590	197.529
627.714	197.033
627.838	196.636
627.962	196.362
628.086	196.212
628.210	196.185
628.334	196.271
628.458	196.432
628.582	196.618
628.706	196.799
628.830	196.968
628.954	197.124
629.078	197.265
629.202	197.386
629.326	197.474
629.450	197.527
629.574	197.552
629.698	197.553
629.822	197.534
629.946	197.506
630.070	197.479
630.194	197.469
630.318	197.483
630.442	197.529
630.566	197.604
630.690	197.700
630.814	197.799
630.938	197.882
631.062	197.936
631.186	197.953
631.310	197.936
631.434	197.899
631.558	197.860
631.682	197.834
631.806	197.835
631.930	197.867
632.054	197.925
632.178	198.000
632.302	198.081
632.426	198.160
632.550	198.228
632.674	198.281
632.798	198.319
632.922	198.348
633.046	198.371
633.170	198.387
633.294	198.390
633.418	198.374
633.542	198.333
633.666	198.268
633.790	198.181
633.914	198.077
634.038	197.967
634.162	197.862
634.286	197.773
634.410	197.706
634.534	197.665
634.658	197.655
634.782	197.682
634.906	197.751
635.030	197.854
635.154	197.977
635.278	198.104
635.402	198.221
635.526	198.312
635.650	198.364
635.774	198.364
635.898	198.309
636.022	198.209
636.146	198.072
636.270	197.899
636.394	197.688
636.518	197.451
636.642	197.204
636.766	196.969
636.890	196.764
637.014	196.601
637.138	196.488
637.262	196.431
637.386	196.427
637.510	196.458
637.634	196.504
637.758	196.552
637.882	196.602
638.006	196.651
638.130	196.694
638.254	196.728
638.378	196.758
638.502	196.789
638.626	196.822
638.750	196.862
638.874	196.918
638.998	196.994
639.122	197.087
639.246	197.184
639.370	197.271
639.494	197.333
639.618	197.364
639.742	197.362
639.866	197.331
639.990	197.284
640.114	197.230
640.238	197.165
640.362	197.078
640.486	196.963
640.610	196.818
640.734	196.637
640.858	196.415
640.982	196.158
641.106	195.882
641.230	195.601
641.354	195.332
641.478	195.085
641.602	194.870
641.726	194.701
641.850	194.587
641.974	194.523
642.098	194.492
642.222	194.483
642.346	194.482
642.470	194.477
642.594	194.456
642.718	194.419
642.842	194.376
642.966	194.338
643.090	194.314
643.214	194.307
643.338	194.316
643.462	194.333
643.586	194.353
643.710	194.373
643.834	194.399
643.958	194.432
644.082	194.471
644.206	194.501
644.330	194.503
644.454	194.462
644.578	194.370
644.702	194.220
644.826	194.006
644.950	193.736
645.074	193.434
645.198	193.127
645.322	192.841
645.446	192.597
645.570	192.406
645.694	192.274
645.818	192.196
645.942	192.155
646.066	192.129
646.190	192.108
646.314	192.094
646.438	192.091
646.562	192.100
646.686	192.120
646.810	192.145
646.934	192.170
647.058	192.188
647.182	192.193
647.306	192.185
647.430	192.163
647.554	192.130
647.678	192.086
647.802	192.025
647.926	191.942
648.050	191.838
648.174	191.710
648.298	191.553
648.422	191.366
648.546	191.152
648.670	190.910
648.794	190.634
648.918	190.318
649.042	189.972
649.166	189.623
649.290	189.315
649.414	189.086
649.538	188.956
649.662	188.935
649.786	189.021
649.910	189.191
650.034	189.404
650.158	189.615
650.282	189.793
650.406	189.920
650.530	189.988
650.654	189.990
650.778	189.913
650.902	189.758
651.026	189.542
651.150	189.291
651.274	189.026
651.398	188.769
651.522	188.537
651.646	188.346
651.770	188.205
651.894	188.114
652.018	188.057
652.142	188.012
652.266	187.950
652.390	187.844
652.514	187.682
652.638	187.455
652.762	187.161
652.886	186.808
653.010	186.420
653.134	186.017
653.258	185.606
653.382	185.185
653.506	184.756
653.630	184.308
653.754	183.815
653.878	183.249
654.002	182.598
654.126	181.856
654.250	180.995
654.374	179.997
654.498	178.876
654.622	177.648
654.746	176.294
654.870	174.786
654.994	173.134
655.118	171.351
655.242	169.403
655.366	167.251
655.490	164.903
655.614	162.430
655.738	160.001
655.862	157.817
655.986	156.006
656.110	154.678
656.234	154.026
656.358	154.207
656.482	155.134
656.606	156.595
656.730	158.463
656.854	160.633
656.978	162.916
657.102	165.117
657.226	167.140
657.350	168.965
657.474	170.621
657.598	172.152
657.722	173.557
657.846	174.819
657.970	175.957
658.094	176.998
658.218	177.944
658.342	178.781
658.466	179.521
658.590	180.191
658.714	180.796
658.838	181.336
658.962	181.824
659.086	182.279
659.210	182.711
659.334	183.118
659.458	183.504
659.582	183.874
659.706	184.218
659.830	184.519
659.954	184.769
660.078	184.970
660.202	185.124
660.326	185.233
660.450	185.312
660.574	185.376
660.698	185.437
660.822	185.494
660.946	185.547
661.070	185.598
661.194	185.652
661.318	185.717
661.442	185.800
661.566	185.900
661.690	186.012
661.814	186.121
661.938	186.215
662.062	186.285
662.186	186.325
662.310	186.334
662.434	186.321
662.558	186.296
662.682	186.263
662.806	186.221
662.930	186.168
663.054	186.104
663.178	186.030
663.302	185.951
663.426	0.000
667.270	0.000
667.394	181.589
667.518	181.512
667.642	181.436
667.766	181.366
667.890	181.312
668.014	181.278
668.138	181.267
668.262	181.283
668.386	181.328
668.510	181.394
668.634	181.471
668.758	181.547
668.882	181.613
669.006	181.660
669.130	181.685
669.254	181.688
669.378	181.673
669.502	181.649
669.626	181.625
669.750	181.603
669.874	181.586
669.998	181.571
670.122	181.558
670.246	181.548
670.370	181.539
670.494	181.531
670.618	181.520
670.742	181.496
670.866	181.449
670.990	181.373
671.114	181.270
671.238	181.145
671.362	181.008
671.486	180.868
671.610	180.739
671.734	180.620
671.858	180.509
671.982	180.400
672.106	180.287
672.230	180.170
672.354	180.052
672.478	179.936
672.602	179.828
672.726	179.739
672.850	179.685
672.974	179.671
673.098	179.692
673.222	179.743
673.346	179.813
673.470	179.887
673.594	179.950
673.718	179.992
673.842	180.012
673.966	180.014
674.090	180.003
674.214	179.981
674.338	179.944
674.462	179.894
674.586	179.832
674.710	179.756
674.834	179.661
674.958	179.545
675.082	179.414
675.206	179.275
675.330	179.136
675.454	179.008
675.578	178.896
675.702	178.809
675.826	178.748
675.950	178.713
676.074	178.695
676.198	178.686
676.322	178.678
676.446	178.664
676.570	178.640
676.694	178.608
676.818	178.573
676.942	178.544
677.066	178.528
677.190	178.528
677.314	178.548
677.438	178.583
677.562	178.625
677.686	178.661
677.810	178.678
677.934	178.665
678.058	178.620
678.182	178.550
678.306	178.468
678.430	178.392
678.554	178.337
678.678	178.312
678.802	178.314
678.926	178.336
679.050	178.365
679.174	178.393
679.298	178.420
679.422	178.448
679.546	178.479
679.670	178.513
679.794	178.550
679.918	178.588
680.042	178.625
680.166	178.657
680.290	178.682
680.414	178.697
680.538	178.703
680.662	178.701
680.786	178.693
680.910	178.682
681.034	178.671
681.158	178.658
681.282	178.636
681.406	178.596
681.530	178.534
681.654	178.448
681.778	178.336
681.902	178.200
682.026	178.049
682.150	177.885
682.274	177.709
682.398	177.515
682.522	177.306
682.646	177.088
682.770	176.876
682.894	176.682
683.018	176.516
683.142	176.391
683.266	176.326
683.390	176.335
683.514	176.411
683.638	176.540
683.762	176.702
683.886	176.878
684.010	177.043
684.134	177.177
684.258	177.271
684.382	177.328
684.506	177.357
684.630	177.365
684.754	177.336
684.878	177.232
685.002	177.027
685.126	176.707
685.250	176.232
685.374	175.522
685.498	174.524
685.622	173.249
685.746	171.720
685.870	169.939
685.994	167.934
686.118	165.814
686.242	163.755
686.366	161.901
686.490	160.310
686.614	159.015
686.738	158.095
686.862	157.599
686.986	157.453
687.110	157.542
687.234	157.836
687.358	158.334
687.482	158.981
687.606	159.700
687.730	160.443
687.854	161.185
687.978	161.895
688.102	162.533
688.226	163.061
688.350	163.464
688.474	163.759
688.598	163.974
688.722	164.127
688.846	164.238
688.970	164.334
689.094	164.434
689.218	164.535
689.342	164.623
689.466	164.688
689.590	164.741
689.714	164.801
689.838	164.886
689.962	165.005
690.086	165.171
690.210	165.389
690.334	165.655
690.458	165.952
690.582	166.257
690.706	166.566
690.830	166.886
690.954	167.220
691.078	167.566
691.202	167.924
691.326	168.295
691.450	168.661
691.574	169.001
691.698	169.312
691.822	169.598
691.946	169.861
692.070	170.103
692.194	170.335
692.318	170.565
692.442	170.790
692.566	170.999
692.690	171.188
692.814	171.361
692.938	171.526
693.062	171.693
693.186	171.864
693.310	172.030
693.434	172.186
693.558	172.330
693.682	172.459
693.806	172.567
693.930	172.653
694.054	172.724
694.178	172.783
694.302	172.828
694.426	172.857
694.550	172.873
694.674	172.883
694.798	172.898
694.922	172.928
695.046	172.978
695.170	173.040
695.294	173.100
695.418	173.143
695.542	173.160
695.666	173.143
695.790	173.090
695.914	173.007
696.038	172.904
696.162	172.792
696.286	172.672
696.410	172.546
696.534	172.415
696.658	172.281
696.782	172.142
696.906	171.995
697.030	171.843
697.154	171.687
697.278	171.536
697.402	171.396
697.526	171.271
697.650	171.165
697.774	171.081
697.898	171.019
698.022	170.974
698.146	170.937
698.270	170.904
698.394	170.871
698.518	170.833
698.642	170.784
698.766	170.722
698.890	170.642
699.014	170.547
699.138	170.437
699.262	170.308
699.386	170.156
699.510	169.985
699.634	169.797
699.758	169.593
699.882	169.372
700.006	169.142
700.130	168.910
700.254	168.691
700.378	168.500
700.502	168.342
700.626	168.221
700.750	168.141
700.874	168.103
700.998	168.096
701.122	168.107
701.246	168.139
701.370	168.193
701.494	168.268
701.618	168.356
701.742	168.445
701.866	168.522
701.990	168.578
702.114	168.606
702.238	168.607
702.362	168.584
702.486	168.548
702.610	168.509
702.734	168.471
702.858	168.432
702.982	168.389
703.106	168.343
703.230	168.297
703.354	168.256
703.478	168.223
703.602	168.201
703.726	168.194
703.850	168.207
703.974	168.236
704.098	168.279
704.222	168.336
704.346	168.409
704.470	168.496
704.594	168.591
704.718	168.685
704.842	168.768
704.966	168.835
705.090	168.879
705.214	168.897
705.338	168.886
705.462	168.851
705.586	168.799
705.710	168.731
705.834	168.641
705.958	168.532
706.082	168.409
706.206	168.287
706.330	168.184
706.454	168.114
706.578	168.082
706.702	168.086
706.826	168.116
706.950	168.157
707.074	168.189
707.198	168.197
707.322	168.172
707.446	168.114
707.570	168.030
707.694	167.933
707.818	167.834
707.942	167.747
708.066	167.680
708.190	167.629
708.314	167.580
708.438	167.515
708.562	167.423
708.686	167.298
708.810	167.148
708.934	166.983
709.058	166.820
709.182	166.666
709.306	166.521
709.430	166.381
709.554	166.242
709.678	166.106
709.802	165.984
709.926	165.884
710.050	165.810
710.174	165.763
710.298	165.740
710.422	165.734
710.546	165.735
710.670	165.741
710.794	165.757
710.918	165.791
711.042	165.844
711.166	165.914
711.290	165.992
711.414	166.070
711.538	166.136
711.662	166.182
711.786	166.202
711.910	166.197
712.034	166.171
712.158	166.133
712.282	166.087
712.406	166.038
712.530	165.992
712.654	165.952
712.778	165.920
712.902	165.893
713.026	165.871
713.150	165.856
713.274	165.857
713.398	165.882
713.522	165.933
713.646	165.994
713.770	166.047
713.894	166.074
714.018	166.065
714.142	166.021
714.266	165.955
714.390	165.891
714.514	165.849
714.638	165.847
714.762	165.892
714.886	165.972
715.010	166.062
715.134	166.133
715.258	166.162
715.382	166.129
715.506	166.016
715.630	165.803
715.754	165.477
715.878	165.034
716.002	164.482
716.126	163.835
716.250	163.111
716.374	162.333
716.498	161.526
716.622	160.706
716.746	159.879
716.870	159.053
716.994	158.248
717.118	157.480
717.242	156.762
717.366	156.114
717.490	155.551
717.614	155.068
717.738	154.632
717.862	154.207
717.986	153.766
718.110	153.297
718.234	152.811
718.358	152.335
718.482	151.895
718.606	151.516
718.730	151.224
718.854	151.048
718.978	150.985
719.102	151.009
719.226	151.100
719.350	151.262
719.474	151.503
719.598	151.807
719.722	152.165
719.846	152.583
719.970	153.068
720.094	153.609
720.218	154.188
720.342	154.797
720.466	155.428
720.590	156.068
720.714	156.703
720.838	157.319
720.962	157.909
721.086	158.462
721.210	158.947
721.334	159.328
721.458	159.594
721.582	159.749
721.706	159.776
721.830	159.656
721.954	159.403
722.078	159.063
722.202	158.679
722.326	158.278
722.450	157.890
722.574	157.542
722.698	157.236
722.822	156.942
722.946	156.622
723.070	156.259
723.194	155.853
723.318	155.420
723.442	154.986
723.566	154.585
723.690	154.250
723.814	153.996
723.938	153.820
724.062	153.707
724.186	153.640
724.310	153.606
724.434	153.585
724.558	153.568
724.682	153.551
724.806	153.536
724.930	153.525
725.054	153.519
725.178	153.525
725.302	153.555
725.426	153.617
725.550	153.710
725.674	153.825
725.798	153.945
725.922	154.043
726.046	154.091
726.170	154.078
726.294	154.015
726.418	153.926
726.542	153.840
726.666	153.772
726.790	153.713
726.914	153.648
727.038	153.561
727.162	153.453
727.286	153.341
727.410	153.259
727.534	153.240
727.658	153.302
727.782	153.449
727.906	153.663
728.030	153.910
728.154	154.152
728.278	154.353
728.402	154.489
728.526	154.555
728.650	154.563
728.774	154.540
728.898	154.515
729.022	154.518
729.146	154.568
729.270	154.666
729.394	154.797
729.518	154.938
729.642	155.060
729.766	155.136
729.890	155.150
730.014	155.103
730.138	155.012
730.262	154.903
730.386	154.796
730.510	154.716
730.634	154.685
730.758	154.716
730.882	154.807
731.006	154.937
731.130	155.086
731.254	155.236
731.378	155.379
731.502	155.504
731.626	155.604
731.750	155.687
731.874	155.773
731.998	155.878
732.122	156.005
732.246	156.146
732.370	156.284
732.494	156.405
732.618	156.495
732.742	156.545
732.866	156.549
732.990	156.515
733.114	156.460
733.238	156.398
733.362	156.339
733.486	156.291
733.610	156.257
733.734	156.226
733.858	156.179
733.982	156.102
734.106	155.991
734.230	155.853
734.354	155.705
734.478	155.563
734.602	155.443
734.726	155.365
734.850	155.343
734.974	155.377
735.098	155.457
735.222	155.568
735.346	155.696
735.470	155.819
735.594	155.919
735.718	155.983
735.842	156.009
735.966	156.010
736.090	156.001
736.214	155.992
736.338	155.985
736.462	155.980
736.586	155.977
736.710	155.968
736.834	155.950
736.958	155.927
737.082	155.901
737.206	155.875
737.330	155.849
737.454	155.827
737.578	155.807
737.702	155.777
737.826	155.723
737.950	155.641
738.074	155.534
738.198	155.409
738.322	155.277
738.446	155.150
738.570	155.044
738.694	154.968
738.818	154.922
738.942	154.898
739.066	154.883
739.190	154.865
739.314	154.838
739.438	154.796
739.562	154.739
739.686	154.665
739.810	154.570
739.934	154.457
740.058	154.332
740.182	154.200
740.306	154.066
740.430	153.930
740.554	153.794
740.678	153.669
740.802	153.575
740.926	153.525
741.050	153.519
741.174	153.563
741.298	153.661
741.422	153.805
741.546	153.977
741.670	154.174
741.794	154.419
741.918	154.737
742.042	155.142
742.166	155.623
742.290	156.145
742.414	156.659
742.538	157.119
742.662	157.492
742.786	157.761
742.910	157.930
743.034	158.028
743.158	158.075
743.282	158.069
743.406	157.999
743.530	157.867
743.654	157.676
743.778	157.434
743.902	157.153
744.026	156.855
744.150	156.568
744.274	156.311
744.398	156.100
744.522	155.937
744.646	155.826
744.770	155.776
744.894	155.789
745.018	155.852
745.142	155.947
745.266	156.062
745.390	156.185
745.514	156.302
745.638	156.406
745.762	156.498
745.886	156.582
746.010	156.668
746.134	156.761
746.258	156.865
746.382	156.977
746.506	157.093
746.630	157.206
746.754	157.311
746.878	157.399
747.002	157.469
747.126	157.521
747.250	157.558
747.374	157.584
747.498	157.604
747.622	157.621
747.746	157.629
747.870	157.619
747.994	157.586
748.118	157.529
748.242	157.447
748.366	157.344
748.490	157.228
748.614	157.105
748.738	156.972
748.862	156.818
748.986	156.640
749.110	156.441
749.234	156.233
749.358	156.030
749.482	155.845
749.606	155.690
749.730	155.571
749.854	155.489
749.978	155.434
750.102	155.391
750.226	155.346
750.350	155.283
750.474	155.195
750.598	155.079
750.722	154.946
750.846	154.812
750.970	154.694
751.094	154.606
751.218	154.552
751.342	154.526
751.466	154.514
751.590	154.502
751.714	154.474
751.838	154.423
751.962	154.347
752.086	154.249
752.210	154.132
752.334	153.999
752.458	153.857
752.582	153.714
752.706	153.571
752.830	153.424
752.954	153.270
753.078	153.109
753.202	152.949
753.326	152.806
753.450	152.690
753.574	152.607
753.698	152.561
753.822	152.552
753.946	152.573
754.070	152.611
754.194	152.662
754.318	152.727
754.442	152.809
754.566	152.902
754.690	152.995
754.814	153.071
754.938	153.116
755.062	153.123
755.186	153.085
755.310	153.000
755.434	152.875
755.558	152.732
755.682	152.596
755.806	152.481
755.930	152.397
756.054	152.346
756.178	152.323
756.302	152.312
756.426	152.293
756.550	152.252
756.674	152.192
756.798	152.122
756.922	152.053
757.046	151.983
757.170	151.892
757.294	151.752
757.418	151.524
757.542	151.130
757.666	150.484
757.790	149.568
757.914	148.390
758.038	146.910
758.162	145.079
758.286	142.924
758.410	140.500
758.534	137.779
758.658	134.708
758.782	131.335
758.906	127.819
759.030	124.319
759.154	120.929
759.278	117.748
759.402	114.972
759.526	112.798
759.650	111.248
759.774	110.234
759.898	109.765
760.022	109.920
760.146	110.647
760.270	111.778
760.394	113.189
760.518	114.803
760.642	116.512
760.766	118.156
760.890	119.592
761.014	120.749
761.138	121.625
761.262	122.235
761.386	122.575
761.510	122.667
761.634	122.578
761.758	122.364
761.882	122.037
762.006	121.609
762.130	121.135
762.254	120.696
762.378	120.361
762.502	120.159
762.626	120.117
762.750	120.283
762.874	120.684
762.998	121.280
763.122	122.015
763.246	122.872
763.370	123.845
763.494	124.893
763.618	125.978
763.742	127.102
763.866	128.284
763.990	129.518
764.114	130.776
764.238	132.022
764.362	133.234
764.486	134.386
764.610	135.446
764.734	136.396
764.858	137.243
764.982	138.013
765.106	138.714
765.230	139.342
765.354	139.904
765.478	140.420
765.602	140.907
765.726	141.385
765.850	141.877
765.974	142.397
766.098	142.946
766.222	143.514
766.346	144.088
766.470	144.649
766.594	145.179
766.718	145.669
766.842	146.116
766.966	146.524
767.090	146.898
767.214	147.248
767.338	147.578
767.462	147.884
767.586	148.156
767.710	148.389
767.834	148.582
767.958	148.725
768.082	148.814
768.206	148.863
768.330	148.893
768.454	148.911
768.578	148.923
768.702	148.933
768.826	148.946
768.950	148.962
769.074	148.980
769.198	148.995
769.322	149.009
769.446	149.027
769.570	149.053
769.694	149.089
769.818	149.135
769.942	149.188
770.066	149.244
770.190	149.301
770.314	149.356
770.438	149.408
770.562	149.454
770.686	149.493
770.810	149.515
770.934	149.513
771.058	149.482
771.182	149.423
771.306	149.340
771.430	149.244
771.554	149.147
771.678	149.061
771.802	148.994
771.926	148.949
772.050	148.925
772.174	148.916
772.298	148.916
772.422	148.919
772.546	148.916
772.670	148.903
772.794	148.882
772.918	148.856
773.042	148.830
773.166	148.812
773.290	148.809
773.414	148.826
773.538	148.865
773.662	148.926
773.786	149.018
773.910	149.141
774.034	149.291
774.158	149.457
774.282	149.627
774.406	149.788
774.530	149.930
774.654	150.043
774.778	150.117
774.902	150.149
775.026	150.145
775.150	150.107
775.274	150.023
775.398	149.886
775.522	149.699
775.646	149.465
775.770	149.174
775.894	148.822
776.018	148.419
776.142	147.972
776.266	147.481
776.390	146.944
776.514	146.372
776.638	145.781
776.762	145.190
776.886	144.614
777.010	144.067
777.134	143.571
777.258	143.170
777.382	142.901
777.506	142.769
777.630	142.764
777.754	142.887
777.878	143.131
778.002	143.457
778.126	143.820
778.250	144.196
778.374	144.573
778.498	144.941
778.622	145.289
778.746	145.611
778.870	145.906
778.994	146.178
779.118	146.436
779.242	146.677
779.366	146.899
779.490	147.104
779.614	147.287
779.738	147.424
779.862	147.486
779.986	147.465
780.110	147.366
780.234	147.197
780.358	146.971
780.482	146.714
780.606	146.460
780.730	146.225
780.854	146.012
780.978	145.818
781.102	145.637
781.226	145.467
781.350	145.306
781.474	145.150
781.598	144.998
781.722	144.867
781.846	144.779
781.970	144.745
782.094	144.763
782.218	144.817
782.342	144.881
782.466	144.929
782.590	144.937
782.714	144.898
782.838	144.815
782.962	144.708
783.086	144.599
783.210	144.499
783.334	144.414
783.458	144.340
783.582	144.276
783.706	144.224
783.830	144.189
783.954	144.174
784.078	144.175
784.202	144.194
784.326	144.233
784.450	144.292
784.574	144.366
784.698	144.461
784.822	144.593
784.946	144.768
785.070	144.984
785.194	145.224
785.318	145.465
785.442	145.683
785.566	145.856
785.690	145.974
785.814	146.032
785.938	146.041
786.062	146.019
786.186	145.975
786.310	145.906
786.434	145.812
786.558	145.693
786.682	145.550
786.806	145.378
786.930	145.178
787.054	144.956
787.178	144.718
787.302	144.470
787.426	144.221
787.550	143.980
787.674	143.765
787.798	143.598
787.922	143.495
788.046	143.456
788.170	143.470
788.294	143.525
788.418	143.597
788.542	143.662
788.666	143.696
788.790	143.681
788.914	143.614
789.038	143.504
789.162	143.358
789.286	143.183
789.410	142.989
789.534	142.789
789.658	142.596
789.782	142.419
789.906	142.263
790.030	142.125
790.154	142.000
790.278	141.879
790.402	141.749
790.526	141.605
790.650	141.448
790.774	141.290
790.898	141.150
791.022	141.042
791.146	140.977
791.270	140.963
791.394	141.000
791.518	141.076
791.642	141.180
791.766	141.313
791.890	141.479
792.014	141.672
792.138	141.878
792.262	142.081
792.386	142.265
792.510	142.418
792.634	142.534
792.758	142.616
792.882	142.674
793.006	0.000