# ITC Data: Sun Oct 01 16:26:27 UTC 2023
 
405.754	0.000
405.878	177.447
406.002	177.365
406.126	177.346
406.250	177.398
406.374	177.518
406.498	177.686
406.622	177.876
406.746	178.068
406.870	178.250
406.994	178.409
407.118	178.550
407.242	178.708
407.366	178.929
407.490	179.242
407.614	179.657
407.738	180.182
407.862	180.807
407.986	181.496
408.110	182.190
408.234	182.820
408.358	183.320
408.482	183.664
408.606	183.829
408.730	183.730
408.854	183.281
408.978	182.488
409.102	181.405
409.226	180.035
409.350	178.373
409.474	176.486
409.598	174.510
409.722	172.637
409.846	171.072
409.970	169.931
410.094	169.280
410.218	169.228
410.342	169.859
410.466	171.073
410.590	172.667
410.714	174.514
410.838	176.534
410.962	178.612
411.086	180.622
411.210	182.473
411.334	184.117
411.458	185.560
411.582	186.837
411.706	187.948
411.830	188.880
411.954	189.658
412.078	190.328
412.202	190.905
412.326	191.384
412.450	191.774
412.574	192.105
412.698	192.408
412.822	192.712
412.946	193.041
413.070	193.415
413.194	193.842
413.318	194.312
413.442	194.808
413.566	195.304
413.690	195.778
413.814	196.213
413.938	196.602
414.062	196.950
414.186	197.265
414.310	197.555
414.434	197.836
414.558	198.119
414.682	198.406
414.806	198.681
414.930	198.931
415.054	199.150
415.178	199.350
415.302	199.557
415.426	199.802
415.550	200.102
415.674	200.456
415.798	200.842
415.922	201.229
416.046	201.580
416.170	201.845
416.294	201.972
416.418	201.935
416.542	201.742
416.666	201.418
416.790	200.988
416.914	200.496
417.038	200.001
417.162	199.570
417.286	199.271
417.410	199.140
417.534	199.175
417.658	199.353
417.782	199.644
417.906	200.004
418.030	200.374
418.154	200.715
418.278	201.030
418.402	201.341
418.526	201.670
418.650	202.025
418.774	202.392
418.898	202.746
419.022	203.068
419.146	203.338
419.270	203.542
419.394	203.680
419.518	203.768
419.642	203.843
419.766	203.963
419.890	204.178
420.014	204.517
420.138	204.989
420.262	205.590
420.386	206.297
420.510	207.054
420.634	207.799
420.758	208.471
420.882	209.030
421.006	209.462
421.130	209.762
421.254	209.907
421.378	209.888
421.502	209.736
421.626	209.482
421.750	209.106
421.874	208.581
421.998	207.920
422.122	207.178
422.246	206.457
422.370	205.869
422.494	205.491
422.618	205.355
422.742	205.460
422.866	205.758
422.990	206.149
423.114	206.535
423.238	206.878
423.362	207.186
423.486	207.475
423.610	207.767
423.734	208.080
423.858	208.423
423.982	208.801
424.106	209.207
424.230	209.621
424.354	210.022
424.478	210.390
424.602	210.714
424.726	210.992
424.850	211.234
424.974	211.459
425.098	211.682
425.222	211.887
425.346	212.047
425.470	212.144
425.594	212.180
425.718	212.175
425.842	212.169
425.966	212.199
426.090	212.286
426.214	212.406
426.338	212.505
426.462	212.535
426.586	212.466
426.710	212.306
426.834	212.096
426.958	211.888
427.082	211.737
427.206	211.677
427.330	211.717
427.454	211.840
427.578	212.006
427.702	212.166
427.826	212.270
427.950	212.284
428.074	212.189
428.198	211.975
428.322	211.642
428.446	211.220
428.570	210.753
428.694	210.273
428.818	209.791
428.942	209.318
429.066	208.850
429.190	208.350
429.314	207.760
429.438	207.035
429.562	206.165
429.686	205.183
429.810	204.159
429.934	203.177
430.058	202.317
430.182	201.662
430.306	201.280
430.430	201.180
430.554	201.320
430.678	201.700
430.802	202.375
430.926	203.354
431.050	204.579
431.174	205.972
431.298	207.464
431.422	208.975
431.546	210.413
431.670	211.681
431.794	212.688
431.918	213.401
432.042	213.851
432.166	214.086
432.290	214.154
432.414	214.125
432.538	214.077
432.662	214.018
432.786	213.860
432.910	213.499
433.034	212.876
433.158	211.943
433.282	210.659
433.406	209.039
433.530	207.191
433.654	205.311
433.778	203.661
433.902	202.471
434.026	201.864
434.150	201.896
434.274	202.586
434.398	203.837
434.522	205.419
434.646	207.125
434.770	208.874
434.894	210.646
435.018	212.413
435.142	214.156
435.266	215.875
435.390	217.578
435.514	219.271
435.638	220.941
435.762	222.539
435.886	224.016
436.010	225.348
436.134	226.510
436.258	227.447
436.382	228.124
436.506	228.569
436.630	228.831
436.754	228.924
436.878	228.866
437.002	228.711
437.126	228.517
437.250	228.302
437.374	228.065
437.498	227.807
437.622	227.532
437.746	227.227
437.870	226.879
437.994	226.488
438.118	226.082
438.242	225.741
438.366	225.560
438.490	225.588
438.614	225.839
438.738	226.311
438.862	226.967
438.986	227.724
439.110	228.486
439.234	229.194
439.358	229.816
439.482	230.351
439.606	230.808
439.730	231.193
439.854	231.514
439.978	231.795
440.102	232.074
440.226	232.386
440.350	232.763
440.474	233.217
440.598	233.741
440.722	234.314
440.846	234.900
440.970	235.464
441.094	235.975
441.218	236.432
441.342	236.855
441.466	237.271
441.590	237.708
441.714	238.168
441.838	238.638
441.962	239.101
442.086	239.540
442.210	239.939
442.334	240.285
442.458	240.582
442.582	240.837
442.706	241.049
442.830	241.211
442.954	241.326
443.078	241.409
443.202	241.482
443.326	241.569
443.450	241.692
443.574	241.857
443.698	242.050
443.822	242.236
443.946	242.382
444.070	242.463
444.194	242.469
444.318	242.410
444.442	242.310
444.566	242.197
444.690	242.071
444.814	241.902
444.938	241.666
445.062	241.360
445.186	241.011
445.310	240.674
445.434	240.405
445.558	240.248
445.682	240.249
445.806	240.440
445.930	240.816
446.054	241.330
446.178	241.946
446.302	242.645
446.426	243.399
446.550	244.172
446.674	244.941
446.798	245.700
446.922	246.455
447.046	247.203
447.170	247.907
447.294	248.501
447.418	248.930
447.542	249.181
447.666	249.269
447.790	249.233
447.914	249.138
448.038	249.059
448.162	249.048
448.286	249.114
448.410	249.237
448.534	249.387
448.658	249.545
448.782	249.721
448.906	249.930
449.030	250.181
449.154	250.488
449.278	250.870
449.402	251.337
449.526	251.879
449.650	252.483
449.774	253.143
449.898	253.851
450.022	254.583
450.146	255.304
450.270	255.972
450.394	256.551
450.518	257.029
450.642	257.397
450.766	257.643
450.890	257.768
451.014	257.803
451.138	257.775
451.262	257.680
451.386	257.508
451.510	257.269
451.634	256.971
451.758	256.610
451.882	256.181
452.006	255.695
452.130	255.170
452.254	254.616
452.378	254.041
452.502	253.459
452.626	252.906
452.750	252.451
452.874	252.165
452.998	252.072
453.122	252.172
453.246	252.466
453.370	252.940
453.494	253.529
453.618	254.147
453.742	254.713
453.866	255.167
453.990	255.478
454.114	255.638
454.238	255.634
454.362	255.472
454.486	255.200
454.610	254.889
454.734	254.605
454.858	254.404
454.982	254.316
455.106	254.354
455.230	254.534
455.354	254.856
455.478	255.281
455.602	255.752
455.726	256.230
455.850	256.688
455.974	257.105
456.098	257.473
456.222	257.799
456.346	258.107
456.470	258.424
456.594	258.770
456.718	259.142
456.842	259.520
456.966	259.880
457.090	260.196
457.214	260.425
457.338	260.524
457.462	260.482
457.586	260.319
457.710	260.060
457.834	259.737
457.958	259.397
458.082	259.092
458.206	258.860
458.330	258.718
458.454	258.659
458.578	258.665
458.702	258.724
458.826	258.836
458.950	258.990
459.074	259.165
459.198	259.351
459.322	259.543
459.446	259.737
459.570	259.930
459.694	260.131
459.818	260.356
459.942	260.615
460.066	260.913
460.190	261.251
460.314	261.626
460.438	262.029
460.562	262.441
460.686	262.841
460.810	263.205
460.934	263.521
461.058	263.786
461.182	264.002
461.306	264.176
461.430	264.321
461.554	264.459
461.678	264.596
461.802	264.727
461.926	264.844
462.050	264.940
462.174	265.004
462.298	265.024
462.422	264.995
462.546	264.922
462.670	264.811
462.794	264.663
462.918	264.485
463.042	264.292
463.166	264.103
463.290	263.935
463.414	263.802
463.538	263.709
463.662	263.648
463.786	263.602
463.910	263.550
464.034	263.474
464.158	263.372
464.282	263.262
464.406	263.170
464.530	263.119
464.654	263.126
464.778	263.203
464.902	263.346
465.026	263.538
465.150	263.765
465.274	264.027
465.398	264.326
465.522	264.651
465.646	264.963
465.770	265.194
465.894	265.281
466.018	265.198
466.142	264.954
466.266	264.590
466.390	264.171
466.514	263.777
466.638	263.483
466.762	263.336
466.886	263.351
467.010	263.498
467.134	263.737
467.258	264.041
467.382	264.386
467.506	264.738
467.630	265.068
467.754	265.369
467.878	265.646
468.002	265.911
468.126	266.170
468.250	266.410
468.374	266.612
468.498	266.769
468.622	266.877
468.746	266.936
468.870	266.948
468.994	266.931
469.118	266.888
469.242	266.785
469.366	266.574
469.490	266.239
469.614	265.788
469.738	265.248
469.862	264.662
469.986	264.084
470.110	263.573
470.234	263.187
470.358	262.968
470.482	262.908
470.606	262.981
470.730	263.187
470.854	263.532
470.978	263.981
471.102	264.487
471.226	265.026
471.350	265.590
471.474	266.164
471.598	266.728
471.722	267.257
471.846	267.729
471.970	268.135
472.094	268.473
472.218	268.712
472.342	268.816
472.466	268.785
472.590	268.643
472.714	268.417
472.838	268.134
472.962	267.838
473.086	267.575
473.210	267.391
473.334	267.314
473.458	267.346
473.582	267.468
473.706	267.663
473.830	267.913
473.954	268.190
474.078	268.460
474.202	268.703
474.326	268.911
474.450	269.087
474.574	269.236
474.698	269.342
474.822	269.376
474.946	269.325
475.070	269.194
475.194	268.993
475.318	268.743
475.442	268.472
475.566	268.211
475.690	267.972
475.814	267.749
475.938	267.529
476.062	267.304
476.186	267.099
476.310	266.963
476.434	266.936
476.558	267.035
476.682	267.269
476.806	267.636
476.930	268.106
477.054	268.624
477.178	269.134
477.302	269.589
477.426	269.960
477.550	270.233
477.674	270.396
477.798	270.439
477.922	270.375
478.046	270.240
478.170	270.076
478.294	269.914
478.418	269.782
478.542	269.701
478.666	269.688
478.790	269.752
478.914	269.887
479.038	270.071
479.162	270.275
479.286	270.472
479.410	270.642
479.534	270.770
479.658	270.854
479.782	270.905
479.906	270.940
480.030	270.984
480.154	271.059
480.278	271.182
480.402	271.362
480.526	271.591
480.650	271.859
480.774	272.159
480.898	272.481
481.022	272.809
481.146	273.117
481.270	273.370
481.394	273.541
481.518	273.624
481.642	273.620
481.766	273.528
481.890	273.357
482.014	273.139
482.138	272.907
482.262	272.686
482.386	272.495
482.510	272.341
482.634	272.233
482.758	272.179
482.882	272.179
483.006	272.223
483.130	272.286
483.254	272.342
483.378	272.368
483.502	272.347
483.626	272.265
483.750	272.101
483.874	271.844
483.998	271.506
484.122	271.092
484.246	270.566
484.370	269.886
484.494	269.046
484.618	268.040
484.742	266.794
484.866	265.230
484.990	263.351
485.114	261.197
485.238	258.770
485.362	256.076
485.486	253.184
485.610	250.241
485.734	247.496
485.858	245.222
485.982	243.548
486.106	242.529
486.230	242.283
486.354	242.878
486.478	244.142
486.602	245.798
486.726	247.693
486.850	249.740
486.974	251.814
487.098	253.797
487.222	255.656
487.346	257.418
487.470	259.134
487.594	260.839
487.718	262.484
487.842	263.980
487.966	265.271
488.090	266.338
488.214	267.173
488.338	267.794
488.462	268.270
488.586	268.695
488.710	269.136
488.834	269.632
488.958	270.198
489.082	270.835
489.206	271.517
489.330	272.201
489.454	272.846
489.578	273.415
489.702	273.881
489.826	274.235
489.950	274.492
490.074	274.689
490.198	274.844
490.322	274.962
490.446	275.056
490.570	275.139
490.694	275.226
490.818	275.323
490.942	275.435
491.066	275.554
491.190	275.639
491.314	275.629
491.438	275.480
491.562	275.183
491.686	274.773
491.810	274.315
491.934	273.889
492.058	273.571
492.182	273.414
492.306	273.440
492.430	273.627
492.554	273.913
492.678	274.229
492.802	274.514
492.926	274.719
493.050	274.818
493.174	274.813
493.298	274.737
493.422	274.640
493.546	274.585
493.670	274.634
493.794	274.840
493.918	275.225
494.042	275.764
494.166	276.415
494.290	277.129
494.414	277.850
494.538	278.516
494.662	279.067
494.786	279.452
494.910	279.653
495.034	279.697
495.158	279.619
495.282	279.451
495.406	279.230
495.530	279.008
495.654	278.837
495.778	278.760
495.902	278.796
496.026	278.935
496.150	279.146
496.274	279.390
496.398	279.621
496.522	279.797
496.646	279.896
496.770	279.920
496.894	279.896
497.018	279.855
497.142	279.803
497.266	279.696
497.390	279.476
497.514	279.116
497.638	278.624
497.762	278.041
497.886	277.434
498.010	276.876
498.134	276.442
498.258	276.207
498.382	276.211
498.506	276.432
498.630	276.810
498.754	277.287
498.878	277.794
499.002	278.258
499.126	278.618
499.250	278.843
499.374	278.939
499.498	278.940
499.622	278.885
499.746	278.763
499.870	278.554
499.994	278.259
500.118	277.892
500.242	277.473
500.366	277.029
500.490	276.588
500.614	276.176
500.738	275.793
500.862	275.425
500.986	275.053
501.110	274.672
501.234	274.317
501.358	274.044
501.482	273.882
501.606	273.845
501.730	273.949
501.854	274.192
501.978	274.537
502.102	274.933
502.226	275.360
502.350	275.819
502.474	276.301
502.598	276.787
502.722	277.247
502.846	277.649
502.970	277.975
503.094	278.215
503.218	278.341
503.342	278.324
503.466	278.172
503.590	277.930
503.714	277.668
503.838	277.472
503.962	277.406
504.086	277.506
504.210	277.767
504.334	278.147
504.458	278.574
504.582	278.973
504.706	279.320
504.830	279.635
504.954	279.951
505.078	280.301
505.202	280.703
505.326	281.166
505.450	281.677
505.574	282.208
505.698	282.707
505.822	283.110
505.946	283.378
506.070	283.497
506.194	283.467
506.318	283.303
506.442	283.052
506.566	282.772
506.690	282.497
506.814	282.228
506.938	281.958
507.062	281.681
507.186	281.402
507.310	281.134
507.434	280.889
507.558	280.681
507.682	280.537
507.806	280.497
507.930	280.580
508.054	280.780
508.178	281.090
508.302	281.502
508.426	281.992
508.550	282.516
508.674	283.025
508.798	283.479
508.922	283.853
509.046	284.136
509.170	284.314
509.294	284.366
509.418	284.294
509.542	284.130
509.666	283.917
509.790	283.696
509.914	283.508
510.038	283.385
510.162	283.339
510.286	283.363
510.410	283.434
510.534	283.516
510.658	283.600
510.782	283.706
510.906	283.863
511.030	284.086
511.154	284.367
511.278	284.676
511.402	284.974
511.526	285.220
511.650	285.375
511.774	285.397
511.898	285.270
512.022	285.014
512.146	284.662
512.270	284.246
512.394	283.800
512.518	283.367
512.642	282.981
512.766	282.659
512.890	282.398
513.014	282.180
513.138	281.983
513.262	281.796
513.386	281.607
513.510	281.409
513.634	281.210
513.758	281.042
513.882	280.940
514.006	280.925
514.130	281.002
514.254	281.169
514.378	281.409
514.502	281.686
514.626	281.962
514.750	282.211
514.874	282.417
514.998	282.579
515.122	282.695
515.246	282.752
515.370	282.741
515.494	282.668
515.618	282.525
515.742	282.247
515.866	281.757
515.990	281.037
516.114	280.108
516.238	279.011
516.362	277.806
516.486	276.579
516.610	275.442
516.734	274.529
516.858	273.954
516.982	273.734
517.106	273.821
517.230	274.163
517.354	274.686
517.478	275.270
517.602	275.782
517.726	276.137
517.850	276.298
517.974	276.281
518.098	276.142
518.222	275.950
518.346	275.783
518.470	275.708
518.594	275.774
518.718	275.999
518.842	276.371
518.966	276.835
519.090	277.325
519.214	277.806
519.338	278.269
519.462	278.712
519.586	279.132
519.710	279.511
519.834	279.824
519.958	280.064
520.082	280.238
520.206	280.372
520.330	280.498
520.454	280.651
520.578	280.860
520.702	281.133
520.826	281.460
520.950	281.818
521.074	282.177
521.198	282.518
521.322	282.836
521.446	283.133
521.570	283.408
521.694	283.632
521.818	283.758
521.942	283.758
522.066	283.634
522.190	283.403
522.314	283.100
522.438	282.773
522.562	282.479
522.686	282.267
522.810	282.171
522.934	282.195
523.058	282.320
523.182	282.534
523.306	282.837
523.430	283.216
523.554	283.638
523.678	284.070
523.802	284.488
523.926	284.873
524.050	285.210
524.174	285.490
524.298	285.703
524.422	285.854
524.546	285.961
524.670	286.043
524.794	286.114
524.918	286.184
525.042	286.262
525.166	286.328
525.290	286.335
525.414	286.243
525.538	286.025
525.662	285.649
525.786	285.067
525.910	284.261
526.034	283.272
526.158	282.177
526.282	281.071
526.406	280.049
526.530	279.190
526.654	278.559
526.778	278.209
526.902	278.140
527.026	278.285
527.150	278.583
527.274	279.019
527.398	279.583
527.522	280.232
527.646	280.926
527.770	281.647
527.894	282.383
528.018	283.124
528.142	283.865
528.266	284.621
528.390	285.413
528.514	286.246
528.638	287.092
528.762	287.874
528.886	288.511
529.010	288.957
529.134	289.188
529.258	289.189
529.382	288.976
529.506	288.621
529.630	288.219
529.754	287.855
529.878	287.594
530.002	287.473
530.126	287.502
530.250	287.674
530.374	287.954
530.498	288.282
530.622	288.589
530.746	288.824
530.870	288.960
530.994	288.994
531.118	288.938
531.242	288.791
531.366	288.553
531.490	288.251
531.614	287.909
531.738	287.508
531.862	287.018
531.986	286.431
532.110	285.762
532.234	285.046
532.358	284.332
532.482	283.665
532.606	0.000
536.450	0.000
536.574	226.383
536.698	301.577
536.822	301.525
536.946	301.680
537.070	301.991
537.194	302.414
537.318	302.916
537.442	303.451
537.566	303.966
537.690	304.416
537.814	304.776
537.938	305.043
538.062	305.232
538.186	305.345
538.310	305.377
538.434	305.335
538.558	305.236
538.682	305.078
538.806	304.837
538.930	304.502
539.054	304.081
539.178	303.593
539.302	303.059
539.426	302.510
539.550	301.976
539.674	301.477
539.798	301.008
539.922	300.557
540.046	300.112
540.170	299.681
540.294	299.303
540.418	299.012
540.542	298.823
540.666	298.752
540.790	298.811
540.914	298.993
541.038	299.261
541.162	299.576
541.286	299.916
541.410	300.260
541.534	300.585
541.658	300.863
541.782	301.066
541.906	301.175
542.030	301.198
542.154	301.141
542.278	301.006
542.402	300.803
542.526	300.560
542.650	300.310
542.774	300.087
542.898	299.914
543.022	299.807
543.146	299.784
543.270	299.883
543.394	300.126
543.518	300.497
543.642	300.953
543.766	301.437
543.890	301.888
544.014	302.254
544.138	302.506
544.262	302.648
544.386	302.709
544.510	302.741
544.634	302.783
544.758	302.833
544.882	302.874
545.006	302.887
545.130	302.864
545.254	302.812
545.378	302.743
545.502	302.675
545.626	302.617
545.750	302.551
545.874	302.450
545.998	302.298
546.122	302.095
546.246	301.866
546.370	301.647
546.494	301.472
546.618	301.353
546.742	301.263
546.866	301.153
546.990	300.980
547.114	300.722
547.238	300.391
547.362	300.028
547.486	299.680
547.610	299.398
547.734	299.229
547.858	299.207
547.982	299.323
548.106	299.544
548.230	299.850
548.354	300.220
548.478	300.618
548.602	300.998
548.726	301.330
548.850	301.596
548.974	301.795
549.098	301.937
549.222	302.026
549.346	302.063
549.470	302.064
549.594	302.048
549.718	302.019
549.842	301.973
549.966	301.909
550.090	301.830
550.214	301.742
550.338	301.655
550.462	301.575
550.586	301.511
550.710	301.467
550.834	301.446
550.958	301.444
551.082	301.457
551.206	301.488
551.330	301.547
551.454	301.637
551.578	301.751
551.702	301.862
551.826	301.934
551.950	301.935
552.074	301.855
552.198	301.702
552.322	301.502
552.446	301.292
552.570	301.113
552.694	301.001
552.818	300.977
552.942	301.040
553.066	301.171
553.190	301.358
553.314	301.595
553.438	301.868
553.562	302.156
553.686	302.441
553.810	302.714
553.934	302.968
554.058	303.202
554.182	303.401
554.306	303.550
554.430	303.638
554.554	303.670
554.678	303.650
554.802	303.580
554.926	303.471
555.050	303.341
555.174	303.200
555.298	303.041
555.422	302.860
555.546	302.651
555.670	302.404
555.794	302.113
555.918	301.774
556.042	301.395
556.166	300.983
556.290	300.541
556.414	300.079
556.538	299.610
556.662	299.155
556.786	298.732
556.910	298.357
557.034	298.034
557.158	297.766
557.282	297.554
557.406	297.388
557.530	297.250
557.654	297.109
557.778	296.922
557.902	296.654
558.026	296.290
558.150	295.834
558.274	295.309
558.398	294.758
558.522	294.234
558.646	293.781
558.770	293.431
558.894	293.189
559.018	293.038
559.142	292.950
559.266	292.911
559.390	292.908
559.514	292.919
559.638	292.944
559.762	293.021
559.886	293.191
560.010	293.469
560.134	293.850
560.258	294.322
560.382	294.859
560.506	295.416
560.630	295.929
560.754	296.320
560.878	296.524
561.002	296.527
561.126	296.349
561.250	296.026
561.374	295.612
561.498	295.183
561.622	294.814
561.746	294.538
561.870	294.356
561.994	294.245
562.118	294.176
562.242	294.145
562.366	294.155
562.490	294.198
562.614	294.262
562.738	294.330
562.862	294.388
562.986	294.425
563.110	294.434
563.234	294.416
563.358	294.378
563.482	294.331
563.606	294.295
563.730	294.291
563.854	294.344
563.978	294.460
564.102	294.628
564.226	294.827
564.350	295.025
564.474	295.189
564.598	295.287
564.722	295.268
564.846	295.085
564.970	294.736
565.094	294.248
565.218	293.642
565.342	292.947
565.466	292.211
565.590	291.496
565.714	290.855
565.838	290.326
565.962	289.918
566.086	289.623
566.210	289.451
566.334	289.418
566.458	289.511
566.582	289.691
566.706	289.938
566.830	290.239
566.954	290.575
567.078	290.912
567.202	291.216
567.326	291.455
567.450	291.615
567.574	291.693
567.698	291.684
567.822	291.580
567.946	291.395
568.070	291.159
568.194	290.897
568.318	290.629
568.442	290.369
568.566	290.134
568.690	289.932
568.814	289.762
568.938	289.616
569.062	289.484
569.186	289.357
569.310	289.233
569.434	289.115
569.558	288.996
569.682	288.862
569.806	288.689
569.930	288.461
570.054	288.174
570.178	287.833
570.302	287.447
570.426	287.037
570.550	286.635
570.674	286.287
570.798	286.049
570.922	285.958
571.046	286.018
571.170	286.225
571.294	286.573
571.418	287.033
571.542	287.549
571.666	288.074
571.790	288.584
571.914	289.068
572.038	289.517
572.162	289.911
572.286	290.222
572.410	290.428
572.534	290.535
572.658	290.562
572.782	290.526
572.906	290.458
573.030	290.391
573.154	290.347
573.278	290.324
573.402	290.307
573.526	290.279
573.650	290.224
573.774	290.136
573.898	290.011
574.022	289.859
574.146	289.690
574.270	289.514
574.394	289.339
574.518	289.175
574.642	289.021
574.766	288.863
574.890	288.685
575.014	288.477
575.138	288.244
575.262	288.015
575.386	287.823
575.510	287.695
575.634	287.641
575.758	287.659
575.882	287.731
576.006	287.826
576.130	287.919
576.254	288.009
576.378	288.110
576.502	288.230
576.626	288.370
576.750	288.512
576.874	288.635
576.998	288.721
577.122	288.758
577.246	288.738
577.370	288.665
577.494	288.554
577.618	288.424
577.742	288.283
577.866	288.129
577.990	287.968
578.114	287.808
578.238	287.664
578.362	287.554
578.486	287.486
578.610	287.458
578.734	287.468
578.858	287.505
578.982	287.552
579.106	287.594
579.230	287.627
579.354	287.655
579.478	287.684
579.602	287.720
579.726	287.770
579.850	287.841
579.974	287.933
580.098	288.044
580.222	288.173
580.346	288.320
580.470	288.480
580.594	288.646
580.718	288.811
580.842	288.970
580.966	289.122
581.090	289.265
581.214	289.401
581.338	289.534
581.462	289.669
581.586	289.808
581.710	289.942
581.834	290.056
581.958	290.140
582.082	290.189
582.206	290.197
582.330	290.163
582.454	290.093
582.578	290.006
582.702	289.916
582.826	289.837
582.950	289.781
583.074	289.754
583.198	289.765
583.322	289.821
583.446	289.918
583.570	290.043
583.694	290.182
583.818	290.318
583.942	290.438
584.066	290.531
584.190	290.585
584.314	290.595
584.438	290.563
584.562	290.497
584.686	290.389
584.810	290.219
584.934	289.974
585.058	289.664
585.182	289.310
585.306	288.943
585.430	288.600
585.554	288.313
585.678	288.112
585.802	288.022
585.926	288.043
586.050	288.152
586.174	288.323
586.298	288.536
586.422	288.768
586.546	288.991
586.670	289.174
586.794	289.293
586.918	289.334
587.042	289.303
587.166	289.202
587.290	289.034
587.414	288.808
587.538	288.544
587.662	288.254
587.786	287.934
587.910	287.577
588.034	287.179
588.158	286.720
588.282	286.159
588.406	285.465
588.530	284.641
588.654	283.723
588.778	282.772
588.902	281.855
589.026	281.039
589.150	280.397
589.274	280.010
589.398	279.920
589.522	280.096
589.646	280.493
589.770	281.087
589.894	281.842
590.018	282.682
590.142	283.521
590.266	284.299
590.390	284.975
590.514	285.538
590.638	285.988
590.762	286.329
590.886	286.580
591.010	286.777
591.134	286.955
591.258	287.112
591.382	287.237
591.506	287.325
591.630	287.375
591.754	287.391
591.878	287.379
592.002	287.352
592.126	287.318
592.250	287.271
592.374	287.195
592.498	287.086
592.622	286.951
592.746	286.814
592.870	286.707
592.994	286.652
593.118	286.655
593.242	286.697
593.366	286.743
593.490	286.757
593.614	286.712
593.738	286.596
593.862	286.415
593.986	286.191
594.110	285.954
594.234	285.725
594.358	285.514
594.482	285.329
594.606	285.173
594.730	285.058
594.854	284.994
594.978	284.978
595.102	285.001
595.226	285.064
595.350	285.173
595.474	285.321
595.598	285.494
595.722	285.676
595.846	285.855
595.970	286.018
596.094	286.153
596.218	286.246
596.342	286.283
596.466	286.266
596.590	286.207
596.714	286.115
596.838	285.998
596.962	285.868
597.086	285.741
597.210	285.620
597.334	285.503
597.458	285.386
597.582	285.265
597.706	285.142
597.830	285.023
597.954	284.913
598.078	284.817
598.202	284.748
598.326	284.721
598.450	284.743
598.574	284.808
598.698	284.910
598.822	285.043
598.946	285.190
599.070	285.334
599.194	285.454
599.318	285.536
599.442	285.571
599.566	285.560
599.690	285.494
599.814	285.359
599.938	285.155
600.062	284.897
600.186	284.599
600.310	284.276
600.434	283.947
600.558	283.627
600.682	283.321
600.806	283.018
600.930	282.705
601.054	282.372
601.178	282.027
601.302	281.692
601.426	281.390
601.550	281.140
601.674	280.966
601.798	280.896
601.922	280.936
602.046	281.069
602.170	281.281
602.294	281.563
602.418	281.901
602.542	282.265
602.666	282.627
602.790	282.964
602.914	283.261
603.038	283.513
603.162	283.712
603.286	283.845
603.410	283.911
603.534	283.923
603.658	283.894
603.782	283.834
603.906	283.752
604.030	283.663
604.154	283.590
604.278	283.555
604.402	283.575
604.526	283.652
604.650	283.777
604.774	283.935
604.898	284.103
605.022	284.259
605.146	284.382
605.270	284.466
605.394	284.516
605.518	284.544
605.642	284.558
605.766	284.557
605.890	284.537
606.014	284.496
606.138	284.445
606.262	284.396
606.386	284.367
606.510	284.367
606.634	284.396
606.758	284.437
606.882	284.466
607.006	284.463
607.130	284.413
607.254	284.312
607.378	284.166
607.502	283.995
607.626	283.816
607.750	283.641
607.874	283.472
607.998	283.311
608.122	283.159
608.246	283.012
608.370	282.866
608.494	282.717
608.618	282.563
608.742	282.407
608.866	282.254
608.990	282.107
609.114	281.969
609.238	281.833
609.362	281.691
609.486	281.536
609.610	281.370
609.734	281.207
609.858	281.070
609.982	280.974
610.106	280.931
610.230	280.969
610.354	281.111
610.478	281.352
610.602	281.664
610.726	282.010
610.850	282.349
610.974	282.641
611.098	282.856
611.222	282.977
611.346	283.002
611.470	282.957
611.594	282.876
611.718	282.772
611.842	282.644
611.966	282.497
612.090	282.339
612.214	282.179
612.338	282.027
612.462	281.888
612.586	281.760
612.710	281.624
612.834	281.450
612.958	281.216
613.082	280.917
613.206	280.566
613.330	280.190
613.454	279.822
613.578	279.499
613.702	279.250
613.826	279.096
613.950	279.034
614.074	279.042
614.198	279.102
614.322	279.203
614.446	279.325
614.570	279.445
614.694	279.552
614.818	279.642
614.942	279.721
615.066	279.790
615.190	279.833
615.314	279.822
615.438	279.739
615.562	279.579
615.686	279.349
615.810	279.064
615.934	278.751
616.058	278.443
616.182	278.166
616.306	277.934
616.430	277.750
616.554	277.608
616.678	277.515
616.802	277.491
616.926	277.545
617.050	277.669
617.174	277.852
617.298	278.079
617.422	278.330
617.546	278.582
617.670	278.821
617.794	279.049
617.918	279.275
618.042	279.507
618.166	279.740
618.290	279.958
618.414	280.144
618.538	280.289
618.662	280.393
618.786	280.469
618.910	280.536
619.034	280.615
619.158	280.721
619.282	280.856
619.406	281.016
619.530	281.188
619.654	281.351
619.778	281.478
619.902	281.549
620.026	281.556
620.150	281.500
620.274	281.385
620.398	281.225
620.522	281.045
620.646	280.871
620.770	280.709
620.894	280.558
621.018	280.413
621.142	280.265
621.266	280.109
621.390	279.941
621.514	279.760
621.638	279.574
621.762	279.400
621.886	279.257
622.010	279.158
622.134	279.095
622.258	279.038
622.382	278.952
622.506	278.808
622.630	278.593
622.754	278.312
622.878	277.987
623.002	277.653
623.126	277.349
623.250	277.096
623.374	276.904
623.498	276.764
623.622	276.659
623.746	276.570
623.870	276.475
623.994	276.356
624.118	276.203
624.242	276.027
624.366	275.852
624.490	275.703
624.614	275.602
624.738	275.551
624.862	275.538
624.986	275.538
625.110	275.527
625.234	275.496
625.358	275.447
625.482	275.387
625.606	275.326
625.730	275.272
625.854	275.231
625.978	275.197
626.102	275.165
626.226	275.132
626.350	275.087
626.474	275.019
626.598	274.915
626.722	274.751
626.846	274.496
626.970	274.136
627.094	273.679
627.218	273.140
627.342	272.529
627.466	271.868
627.590	271.198
627.714	270.588
627.838	270.105
627.962	269.775
628.086	269.584
628.210	269.515
628.334	269.550
628.458	269.635
628.582	269.704
628.706	269.714
628.830	269.656
628.954	269.547
629.078	269.405
629.202	269.233
629.326	269.034
629.450	268.828
629.574	268.640
629.698	268.484
629.822	268.363
629.946	268.278
630.070	268.227
630.194	268.208
630.318	268.214
630.442	268.238
630.566	268.278
630.690	268.337
630.814	268.424
630.938	268.547
631.062	268.708
631.186	268.905
631.310	269.134
631.434	269.387
631.558	269.648
631.682	269.907
631.806	270.185
631.930	270.500
632.054	270.850
632.178	271.225
632.302	271.612
632.426	271.995
632.550	272.350
632.674	272.648
632.798	272.867
632.922	273.001
633.046	273.059
633.170	273.053
633.294	272.987
633.418	272.870
633.542	272.724
633.666	272.566
633.790	272.408
633.914	272.256
634.038	272.116
634.162	271.996
634.286	271.912
634.410	271.869
634.534	271.861
634.658	271.879
634.782	271.910
634.906	271.940
635.030	271.954
635.154	271.941
635.278	271.895
635.402	271.815
635.526	271.708
635.650	271.587
635.774	271.471
635.898	271.378
636.022	271.323
636.146	271.312
636.270	271.344
636.394	271.409
636.518	271.490
636.642	271.573
636.766	271.660
636.890	271.759
637.014	271.877
637.138	272.020
637.262	272.189
637.386	272.384
637.510	272.596
637.634	272.808
637.758	273.003
637.882	273.176
638.006	273.320
638.130	273.427
638.254	273.495
638.378	273.528
638.502	273.533
638.626	273.512
638.750	273.464
638.874	273.390
638.998	273.295
639.122	273.181
639.246	273.042
639.370	272.872
639.494	272.673
639.618	272.453
639.742	272.229
639.866	272.023
639.990	271.848
640.114	271.710
640.238	271.608
640.362	271.528
640.486	271.454
640.610	271.370
640.734	271.280
640.858	271.195
640.982	271.127
641.106	271.078
641.230	271.033
641.354	270.970
641.478	270.870
641.602	270.727
641.726	270.556
641.850	270.383
641.974	270.237
642.098	270.137
642.222	270.082
642.346	270.056
642.470	270.037
642.594	270.001
642.718	269.945
642.842	269.880
642.966	269.817
643.090	269.769
643.214	269.746
643.338	269.751
643.462	269.778
643.586	269.820
643.710	269.869
643.834	269.920
643.958	269.966
644.082	269.997
644.206	269.990
644.330	269.913
644.454	269.752
644.578	269.510
644.702	269.199
644.826	268.839
644.950	268.459
645.074	268.095
645.198	267.769
645.322	267.490
645.446	267.256
645.570	267.054
645.694	266.881
645.818	266.740
645.942	266.630
646.066	266.544
646.190	266.487
646.314	266.467
646.438	266.488
646.562	266.545
646.686	266.632
646.810	266.742
646.934	266.865
647.058	266.988
647.182	267.094
647.306	267.172
647.430	267.215
647.554	267.224
647.678	267.199
647.802	267.137
647.926	267.042
648.050	266.922
648.174	266.772
648.298	266.577
648.422	266.322
648.546	266.009
648.670	265.641
648.794	265.223
648.918	264.768
649.042	264.305
649.166	263.884
649.290	263.574
649.414	263.428
649.538	263.458
649.662	263.666
649.786	264.046
649.910	264.562
650.034	265.148
650.158	265.734
650.282	266.270
650.406	266.724
650.530	267.085
650.654	267.345
650.778	267.494
650.902	267.539
651.026	267.511
651.150	267.447
651.274	267.368
651.398	267.291
651.522	267.233
651.646	267.208
651.770	267.222
651.894	267.274
652.018	267.353
652.142	267.440
652.266	267.517
652.390	267.567
652.514	267.583
652.638	267.565
652.762	267.526
652.886	267.484
653.010	267.458
653.134	267.456
653.258	267.468
653.382	267.476
653.506	267.459
653.630	267.389
653.754	267.225
653.878	266.931
654.002	266.504
654.126	265.950
654.250	265.251
654.374	264.394
654.498	263.406
654.622	262.314
654.746	261.095
654.870	259.714
654.994	258.174
655.118	256.481
655.242	254.574
655.366	252.388
655.490	249.926
655.614	247.272
655.738	244.601
655.862	242.126
655.986	240.000
656.110	238.362
656.234	237.427
656.358	237.365
656.482	238.095
656.606	239.402
656.730	241.157
656.854	243.247
656.978	245.472
657.102	247.616
657.226	249.574
657.350	251.326
657.474	252.905
657.598	254.359
657.722	255.683
657.846	256.853
657.970	257.882
658.094	258.795
658.218	259.582
658.342	260.216
658.466	260.709
658.590	261.089
658.714	261.358
658.838	261.505
658.962	261.548
659.086	261.526
659.210	261.471
659.334	261.410
659.458	261.368
659.582	261.366
659.706	261.407
659.830	261.481
659.954	261.569
660.078	261.651
660.202	261.718
660.326	261.776
660.450	261.832
660.574	261.894
660.698	261.964
660.822	262.035
660.946	262.102
661.070	262.160
661.194	262.210
661.318	262.255
661.442	262.301
661.566	262.351
661.690	262.400
661.814	262.434
661.938	262.443
662.062	262.418
662.186	262.347
662.310	262.213
662.434	262.014
662.558	261.763
662.682	261.477
662.806	261.176
662.930	260.881
663.054	260.615
663.178	260.405
663.302	260.278
663.426	0.000
667.270	0.000
667.394	255.692
667.518	255.561
667.642	255.423
667.766	255.284
667.890	255.151
668.014	255.029
668.138	254.922
668.262	254.834
668.386	254.764
668.510	254.708
668.634	254.661
668.758	254.625
668.882	254.600
669.006	254.587
669.130	254.583
669.254	254.587
669.378	254.596
669.502	254.608
669.626	254.616
669.750	254.612
669.874	254.588
669.998	254.542
670.122	254.474
670.246	254.383
670.370	254.269
670.494	254.141
670.618	254.007
670.742	253.875
670.866	253.752
670.990	253.642
671.114	253.549
671.238	253.480
671.362	253.439
671.486	253.425
671.610	253.435
671.734	253.472
671.858	253.546
671.982	253.653
672.106	253.782
672.230	253.912
672.354	254.020
672.478	254.089
672.602	254.108
672.726	254.072
672.850	253.982
672.974	253.853
673.098	253.706
673.222	253.546
673.346	253.368
673.470	253.172
673.594	252.962
673.718	252.739
673.842	252.502
673.966	252.257
674.090	252.008
674.214	251.764
674.338	251.532
674.462	251.315
674.586	251.118
674.710	250.952
674.834	250.833
674.958	250.764
675.082	250.739
675.206	250.759
675.330	250.825
675.454	250.928
675.578	251.052
675.702	251.183
675.826	251.315
675.950	251.442
676.074	251.561
676.198	251.681
676.322	251.818
676.446	251.986
676.570	252.189
676.694	252.413
676.818	252.634
676.942	252.826
677.066	252.969
677.190	253.048
677.314	253.059
677.438	253.012
677.562	252.929
677.686	252.822
677.810	252.697
677.934	252.556
678.058	252.408
678.182	252.268
678.306	252.151
678.430	252.067
678.554	252.020
678.678	252.010
678.802	252.029
678.926	252.067
679.050	252.110
679.174	252.149
679.298	252.187
679.422	252.229
679.546	252.277
679.670	252.321
679.794	252.341
679.918	252.317
680.042	252.241
680.166	252.116
680.290	251.956
680.414	251.781
680.538	251.617
680.662	251.484
680.786	251.395
680.910	251.349
681.034	251.336
681.158	251.338
681.282	251.340
681.406	251.325
681.530	251.282
681.654	251.203
681.778	251.086
681.902	250.938
682.026	250.771
682.150	250.597
682.274	250.413
682.398	250.216
682.522	250.006
682.646	249.784
682.770	249.550
682.894	249.304
683.018	249.050
683.142	248.791
683.266	248.525
683.390	248.246
683.514	247.954
683.638	247.655
683.762	247.366
683.886	247.102
684.010	246.873
684.134	246.685
684.258	246.538
684.382	246.428
684.506	246.340
684.630	246.252
684.754	246.133
684.878	245.938
685.002	245.627
685.126	245.177
685.250	244.529
685.374	243.572
685.498	242.229
685.622	240.505
685.746	238.422
685.870	235.972
685.994	233.191
686.118	230.227
686.242	227.314
686.366	224.645
686.490	222.300
686.614	220.333
686.738	218.853
686.862	217.922
686.986	217.447
687.110	217.279
687.234	217.387
687.358	217.781
687.482	218.391
687.606	219.118
687.730	219.913
687.854	220.757
687.978	221.610
688.102	222.412
688.226	223.123
688.350	223.740
688.474	224.281
688.598	224.770
688.722	225.237
688.846	225.712
688.970	226.225
689.094	226.780
689.218	227.363
689.342	227.945
689.466	228.503
689.590	229.038
689.714	229.560
689.838	230.079
689.962	230.604
690.086	231.152
690.210	231.721
690.334	232.292
690.458	232.842
690.582	233.353
690.706	233.821
690.830	234.252
690.954	234.656
691.078	235.048
691.202	235.441
691.326	235.838
691.450	236.225
691.574	236.580
691.698	236.909
691.822	237.228
691.946	237.544
692.070	237.857
692.194	238.185
692.318	238.549
692.442	238.941
692.566	239.335
692.690	239.721
692.814	240.099
692.938	240.477
693.062	240.858
693.186	241.235
693.310	241.587
693.434	241.900
693.558	242.170
693.682	242.386
693.806	242.531
693.930	242.602
694.054	242.614
694.178	242.575
694.302	242.481
694.426	242.333
694.550	242.144
694.674	241.934
694.798	241.726
694.922	241.543
695.046	241.396
695.170	241.287
695.294	241.206
695.418	241.137
695.542	241.067
695.666	240.986
695.790	240.898
695.914	240.810
696.038	240.728
696.162	240.656
696.286	240.592
696.410	240.531
696.534	240.470
696.658	240.429
696.782	240.450
696.906	240.570
697.030	240.800
697.154	241.116
697.278	241.461
697.402	241.767
697.526	241.975
697.650	242.051
697.774	241.993
697.898	241.830
698.022	241.615
698.146	241.391
698.270	241.163
698.394	240.921
698.518	240.658
698.642	240.379
698.766	240.099
698.890	239.841
699.014	239.618
699.138	239.441
699.262	239.313
699.386	239.228
699.510	239.169
699.634	239.118
699.758	239.065
699.882	239.006
700.006	238.937
700.130	238.860
700.254	238.780
700.378	238.708
700.502	238.649
700.626	238.608
700.750	238.582
700.874	238.569
700.998	238.559
701.122	238.543
701.246	238.512
701.370	238.457
701.494	238.377
701.618	238.274
701.742	238.144
701.866	237.985
701.990	237.804
702.114	237.610
702.238	237.417
702.362	237.234
702.486	237.071
702.610	236.935
702.734	236.841
702.858	236.800
702.982	236.812
703.106	236.867
703.230	236.973
703.354	237.138
703.478	237.355
703.602	237.606
703.726	237.876
703.850	238.151
703.974	238.417
704.098	238.659
704.222	238.866
704.346	239.034
704.470	239.167
704.594	239.276
704.718	239.367
704.842	239.443
704.966	239.510
705.090	239.572
705.214	239.620
705.338	239.636
705.462	239.610
705.586	239.539
705.710	239.416
705.834	239.237
705.958	239.011
706.082	238.759
706.206	238.513
706.330	238.303
706.454	238.151
706.578	238.070
706.702	238.074
706.826	238.171
706.950	238.349
707.074	238.581
707.198	238.843
707.322	239.122
707.446	239.402
707.570	239.667
707.694	239.902
707.818	240.097
707.942	240.253
708.066	240.377
708.190	240.471
708.314	240.532
708.438	240.564
708.562	240.574
708.686	240.568
708.810	240.543
708.934	240.501
709.058	240.447
709.182	240.381
709.306	240.298
709.430	240.197
709.554	240.082
709.678	239.961
709.802	239.846
709.926	239.749
710.050	239.676
710.174	239.628
710.298	239.600
710.422	239.583
710.546	239.564
710.670	239.535
710.794	239.493
710.918	239.440
711.042	239.378
711.166	239.306
711.290	239.220
711.414	239.114
711.538	238.986
711.662	238.830
711.786	238.638
711.910	238.403
712.034	238.130
712.158	237.834
712.282	237.528
712.406	237.231
712.530	236.960
712.654	236.739
712.778	236.597
712.902	236.553
713.026	236.604
713.150	236.739
713.274	236.960
713.398	237.256
713.522	237.595
713.646	237.924
713.770	238.189
713.894	238.353
714.018	238.405
714.142	238.350
714.266	238.210
714.390	238.020
714.514	237.830
714.638	237.679
714.762	237.579
714.886	237.515
715.010	237.452
715.134	237.351
715.258	237.180
715.382	236.912
715.506	236.521
715.630	235.985
715.754	235.286
715.878	234.421
716.002	233.408
716.126	232.274
716.250	231.077
716.374	229.883
716.498	228.738
716.622	227.665
716.746	226.675
716.870	225.779
716.994	224.976
717.118	224.252
717.242	223.612
717.366	223.076
717.490	222.657
717.614	222.338
717.738	222.055
717.862	221.740
717.986	221.356
718.110	220.888
718.234	220.354
718.358	219.798
718.482	219.272
718.606	218.821
718.730	218.476
718.854	218.260
718.978	218.161
719.102	218.143
719.226	218.185
719.350	218.309
719.474	218.543
719.598	218.886
719.722	219.329
719.846	219.875
719.970	220.526
720.094	221.254
720.218	222.018
720.342	222.795
720.466	223.571
720.590	224.332
720.714	225.070
720.838	225.783
720.962	226.476
721.086	227.146
721.210	227.759
721.334	228.262
721.458	228.630
721.582	228.852
721.706	228.888
721.830	228.696
721.954	228.286
722.078	227.721
722.202	227.061
722.326	226.347
722.450	225.631
722.574	224.972
722.698	224.407
722.822	223.929
722.946	223.507
723.070	223.120
723.194	222.771
723.318	222.476
723.442	222.249
723.566	222.101
723.690	222.036
723.814	222.048
723.938	222.113
724.062	222.202
724.186	222.282
724.310	222.317
724.434	222.291
724.558	222.205
724.682	222.065
724.806	221.861
724.930	221.599
725.054	221.293
725.178	220.973
725.302	220.672
725.426	220.422
725.550	220.243
725.674	220.152
725.798	220.153
725.922	220.223
726.046	220.316
726.170	220.413
726.294	220.531
726.418	220.694
726.542	220.915
726.666	221.181
726.790	221.459
726.914	221.704
727.038	221.882
727.162	221.968
727.286	221.958
727.410	221.885
727.534	221.804
727.658	221.757
727.782	221.757
727.906	221.799
728.030	221.862
728.154	221.907
728.278	221.871
728.402	221.704
728.526	221.389
728.650	220.951
728.774	220.443
728.898	219.936
729.022	219.498
729.146	219.195
729.270	219.077
729.394	219.158
729.518	219.398
729.642	219.734
729.766	220.101
729.890	220.434
730.014	220.687
730.138	220.853
730.262	220.974
730.386	221.110
730.510	221.321
730.634	221.652
730.758	222.115
730.882	222.684
731.006	223.308
731.130	223.927
731.254	224.495
731.378	224.985
731.502	225.387
731.626	225.692
731.750	225.887
731.874	225.973
731.998	225.979
732.122	225.933
732.246	225.849
732.370	225.735
732.494	225.607
732.618	225.489
732.742	225.394
732.866	225.326
732.990	225.283
733.114	225.266
733.238	225.281
733.362	225.329
733.486	225.397
733.610	225.470
733.734	225.517
733.858	225.507
733.982	225.425
734.106	225.269
734.230	225.046
734.354	224.768
734.478	224.462
734.602	224.159
734.726	223.895
734.850	223.700
734.974	223.590
735.098	223.565
735.222	223.613
735.346	223.702
735.470	223.794
735.594	223.850
735.718	223.841
735.842	223.753
735.966	223.594
736.090	223.399
736.214	223.212
736.338	223.079
736.462	223.024
736.586	223.057
736.710	223.176
736.834	223.379
736.958	223.646
737.082	223.942
737.206	224.229
737.330	224.475
737.454	224.663
737.578	224.778
737.702	224.792
737.826	224.678
737.950	224.446
738.074	224.129
738.198	223.762
738.322	223.375
738.446	222.999
738.570	222.672
738.694	222.426
738.818	222.281
738.942	222.233
739.066	222.253
739.190	222.314
739.314	222.390
739.438	222.456
739.562	222.496
739.686	222.519
739.810	222.561
739.934	222.658
740.058	222.831
740.182	223.079
740.306	223.378
740.430	223.687
740.554	223.958
740.678	224.165
740.802	224.307
740.926	224.399
741.050	224.465
741.174	224.522
741.298	224.583
741.422	224.647
741.546	224.709
741.670	224.763
741.794	224.815
741.918	224.878
742.042	224.974
742.166	225.118
742.290	225.312
742.414	225.542
742.538	225.787
742.662	226.028
742.786	226.244
742.910	226.419
743.034	226.549
743.158	226.630
743.282	226.651
743.406	226.598
743.530	226.470
743.654	226.271
743.778	226.007
743.902	225.695
744.026	225.361
744.150	225.034
744.274	224.736
744.398	224.477
744.522	224.263
744.646	224.099
744.770	224.002
744.894	223.982
745.018	224.030
745.142	224.134
745.266	224.291
745.390	224.494
745.514	224.725
745.638	224.967
745.762	225.210
745.886	225.450
746.010	225.683
746.134	225.900
746.258	226.086
746.382	226.225
746.506	226.314
746.630	226.352
746.754	226.334
746.878	226.260
747.002	226.141
747.126	225.994
747.250	225.823
747.374	225.629
747.498	225.417
747.622	225.194
747.746	224.965
747.870	224.734
747.994	224.505
748.118	224.285
748.242	224.087
748.366	223.922
748.490	223.792
748.614	223.695
748.738	223.626
748.862	223.575
748.986	223.531
749.110	223.482
749.234	223.434
749.358	223.397
749.482	223.379
749.606	223.382
749.730	223.404
749.854	223.436
749.978	223.470
750.102	223.491
750.226	223.483
750.350	223.431
750.474	223.329
750.598	223.186
750.722	223.013
750.846	222.830
750.970	222.659
751.094	222.519
751.218	222.418
751.342	222.355
751.466	222.319
751.590	222.294
751.714	222.266
751.838	222.225
751.962	222.167
752.086	222.094
752.210	222.015
752.334	221.943
752.458	221.890
752.582	221.865
752.706	221.875
752.830	221.924
752.954	222.005
753.078	222.110
753.202	222.237
753.326	222.393
753.450	222.578
753.574	222.787
753.698	223.008
753.822	223.229
753.946	223.439
754.070	223.625
754.194	223.766
754.318	223.838
754.442	223.832
754.566	223.756
754.690	223.622
754.814	223.440
754.938	223.233
755.062	223.024
755.186	222.824
755.310	222.628
755.434	222.425
755.558	222.217
755.682	222.018
755.806	221.851
755.930	221.726
756.054	221.650
756.178	221.618
756.302	221.607
756.426	221.587
756.550	221.539
756.674	221.463
756.798	221.374
756.922	221.285
757.046	221.195
757.170	221.074
757.294	220.881
757.418	220.560
757.542	219.996
757.666	219.067
757.790	217.742
757.914	216.035
758.038	213.888
758.162	211.229
758.286	208.101
758.410	204.583
758.534	200.632
758.658	196.172
758.782	191.272
758.906	186.161
759.030	181.070
759.154	176.134
759.278	171.502
759.402	167.460
759.526	164.295
759.650	162.042
759.774	160.570
759.898	159.895
760.022	160.131
760.146	161.202
760.270	162.862
760.394	164.931
760.518	167.298
760.642	169.802
760.766	172.212
760.890	174.321
761.014	176.024
761.138	177.317
761.262	178.221
761.386	178.732
761.510	178.879
761.634	178.761
761.758	178.459
761.882	177.990
762.006	177.375
762.130	176.691
762.254	176.059
762.378	175.579
762.502	175.293
762.626	175.241
762.750	175.493
762.874	176.089
762.998	176.969
763.122	178.052
763.246	179.315
763.370	180.746
763.494	182.288
763.618	183.884
763.742	185.538
763.866	187.276
763.990	189.091
764.114	190.940
764.238	192.773
764.362	194.555
764.486	196.248
764.610	197.807
764.734	199.202
764.858	200.448
764.982	201.581
765.106	202.614
765.230	203.541
765.354	204.372
765.478	205.137
765.602	205.860
765.726	206.571
765.850	207.303
765.974	208.076
766.098	208.891
766.222	209.735
766.346	210.586
766.470	211.419
766.594	212.206
766.718	212.934
766.842	213.599
766.966	214.208
767.090	214.768
767.214	215.293
767.338	215.791
767.462	216.254
767.586	216.666
767.710	217.023
767.834	217.320
767.958	217.543
768.082	217.686
768.206	217.770
768.330	217.824
768.454	217.863
768.578	217.891
768.702	217.917
768.826	217.947
768.950	217.982
769.074	218.019
769.198	218.053
769.322	218.083
769.446	218.114
769.570	218.145
769.694	218.180
769.818	218.224
769.942	218.274
770.066	218.328
770.190	218.383
770.314	218.443
770.438	218.509
770.562	218.575
770.686	218.634
770.810	218.672
770.934	218.674
771.058	218.634
771.182	218.552
771.306	218.436
771.430	218.301
771.554	218.165
771.678	218.048
771.802	217.961
771.926	217.907
772.050	217.885
772.174	217.890
772.298	217.921
772.422	217.967
772.546	218.010
772.670	218.039
772.794	218.052
772.918	218.050
773.042	218.029
773.166	217.984
773.290	217.904
773.414	217.781
773.538	217.618
773.662	217.417
773.786	217.189
773.910	216.946
774.034	216.706
774.158	216.481
774.282	216.280
774.406	216.103
774.530	215.946
774.654	215.812
774.778	215.713
774.902	215.658
775.026	215.648
775.150	215.683
775.274	215.772
775.398	215.920
775.522	216.114
775.646	216.335
775.770	216.556
775.894	216.752
776.018	216.905
776.142	216.998
776.266	217.019
776.390	216.967
776.514	216.860
776.638	216.710
776.762	216.509
776.886	216.247
777.010	215.928
777.134	215.566
777.258	215.178
777.382	214.781
777.506	214.397
777.630	214.057
777.754	213.804
777.878	213.673
778.002	213.668
778.126	213.775
778.250	213.982
778.374	214.268
778.498	214.593
778.622	214.918
778.746	215.236
778.870	215.555
778.994	215.884
779.118	216.224
779.242	216.568
779.366	216.904
779.490	217.223
779.614	217.506
779.738	217.719
779.862	217.826
779.986	217.821
780.110	217.710
780.234	217.486
780.358	217.136
780.482	216.680
780.606	216.162
780.730	215.611
780.854	215.035
780.978	214.442
781.102	213.852
781.226	213.283
781.350	212.738
781.474	212.206
781.598	211.687
781.722	211.214
781.846	210.831
781.970	210.559
782.094	210.395
782.218	210.338
782.342	210.374
782.466	210.470
782.590	210.582
782.714	210.701
782.838	210.840
782.962	211.012
783.086	211.234
783.210	211.517
783.334	211.857
783.458	212.224
783.582	212.587
783.706	212.932
783.830	213.250
783.954	213.528
784.078	213.765
784.202	213.958
784.326	214.106
784.450	214.211
784.574	214.274
784.698	214.294
784.822	214.283
784.946	214.260
785.070	214.247
785.194	214.239
785.318	214.216
785.442	214.154
785.566	214.044
785.690	213.888
785.814	213.706
785.938	213.525
786.062	213.370
786.186	213.267
786.310	213.234
786.434	213.270
786.558	213.351
786.682	213.458
786.806	213.579
786.930	213.704
787.054	213.813
787.178	213.885
787.302	213.908
787.426	213.887
787.550	213.829
787.674	213.741
787.798	213.634
787.922	213.522
788.046	213.415
788.170	213.314
788.294	213.198
788.418	213.049
788.542	212.852
788.666	212.593
788.790	212.255
788.914	211.838
789.038	211.358
789.162	210.838
789.286	210.298
789.410	209.758
789.534	209.240
789.658	208.767
789.782	208.358
789.906	208.023
790.030	207.754
790.154	207.537
790.278	207.369
790.402	207.238
790.526	207.128
790.650	207.035
790.774	206.978
790.898	206.977
791.022	207.040
791.146	207.167
791.270	207.352
791.394	207.578
791.518	207.822
791.642	208.063
791.766	208.296
791.890	208.525
792.014	208.755
792.138	208.981
792.262	209.186
792.386	209.350
792.510	209.464
792.634	209.530
792.758	209.558
792.882	209.566
793.006	0.000